0.1	2315	11676
0.2	1061	11127
0.3	1836	13130
0.4	2326	11143
0.5	1012	12516
0.6	1448	11041
0.7	1970	14099
0.8	1314	12522
0.9	560	13641
1	2293	11606
1.1	1367	11100
1.2	2756	12069
1.3	910	11100
1.4	1362	11531
1.5	1012	11574
1.6	1803	11014
1.7	991	14056
1.8	1416	13038
1.9	996	12069
2	1884	11138
2.1	1475	11579
2.2	2304	11052
2.3	974	11095
2.4	1362	11488
2.5	1470	11111
2.6	2283	11154
2.7	1432	11084
2.8	1378	11106
2.9	1448	12069
3	1394	11488
3.1	1459	11122
3.2	1497	11617
3.3	1384	11192
3.4	851	12527
3.5	1793	11633
3.6	1986	11090
3.7	2336	11106
3.8	1362	11041
3.9	1820	15019
4	1335	12570
4.1	1335	12613
4.2	1464	11063
4.3	1330	11558
4.4	1303	11095
4.5	1486	11526
4.6	1017	11553
4.7	2363	11090
4.8	1895	11596
4.9	1793	11122
5	1954	11111
5.1	1965	12048
5.2	1475	11628
5.3	2277	11111
5.4	1852	11553
5.5	1453	11601
5.6	980	12522
5.7	1922	11090
5.8	1012	11542
5.9	1367	11030
6	1400	11063
6.1	910	11057
6.2	1039	11531
6.3	937	11569
6.4	592	11009
6.5	991	11170
6.6	2266	11590
6.7	1518	12075
6.8	1884	11138
6.9	1400	11649
7	974	11057
7.1	974	10993
7.2	1362	11585
7.3	1351	11143
7.4	2740	11143
7.5	1432	11084
7.6	2315	11009
7.7	1443	11633
7.8	1394	12053
7.9	1357	11047
8	1427	11709
8.1	1384	11095
8.2	1373	11456
8.3	1513	11063
8.4	2702	11138
8.5	1410	11106
8.6	1346	11660
8.7	1820	12527
8.8	1335	11127
8.9	1335	11536
9	1017	11063
9.1	996	11558
9.2	2891	11095
9.3	2799	12086
9.4	2353	11553
9.5	2363	11090
9.6	1960	11596
9.7	264	11122
9.8	269	11111
9.9	264	12048
10	258	11628
10.1	264	13135
10.2	264	11553
10.3	269	11106
10.4	1475	11601
10.5	264	11536
10.6	528	12559
10.7	522	12559
10.8	528	11111
10.9	517	11084
11	522	11020
11.1	522	11122
11.2	522	11014
11.3	528	12559
11.4	522	13614
11.5	522	12559
11.6	264	11106
11.7	264	11106
11.8	258	11084
11.9	264	11106
12	258	11655
12.1	528	11122
12.2	522	11143
12.3	522	11488
12.4	522	12559
12.5	522	11617
12.6	522	11612
12.7	528	12559
12.8	522	12559
12.9	522	12559
13	522	12559
13.1	522	12559
13.2	522	12559
13.3	522	12548
13.4	522	12559
13.5	522	12565
13.6	522	10993
13.7	528	10993
13.8	528	12559
13.9	528	12559
14	441	12559
14.1	441	12559
14.2	441	12559
14.3	264	12559
14.4	258	12559
14.5	264	12559
14.6	528	12559
14.7	522	12559
14.8	522	12559
14.9	264	12559
15	264	12559
15.1	522	13200
15.2	883	13205
15.3	894	13200
15.4	877	13200
15.5	522	13200
15.6	877	13200
15.7	883	13200
15.8	522	13200
15.9	528	13200
16	883	13200
16.1	894	13200
16.2	883	13200
16.3	861	13200
16.4	221	13200
16.5	872	13200
16.6	522	13200
16.7	872	13200
16.8	248	13200
16.9	248	12554
17	522	12559
17.1	522	12548
17.2	522	12559
17.3	522	12570
17.4	248	11014
17.5	883	13200
17.6	877	13200
17.7	528	13200
17.8	528	13200
17.9	883	13200
18	877	13200
18.1	883	13200
18.2	888	13200
18.3	883	13200
18.4	883	13200
18.5	894	13200
18.6	522	13200
18.7	522	13200
18.8	522	13200
18.9	883	13200
19	522	13205
19.1	522	13200
19.2	522	13200
19.3	522	13200
19.4	522	13200
19.5	522	13200
19.6	522	13200
19.7	517	13200
19.8	883	13200
19.9	528	13200
20	877	13200
20.1	694	13200
20.2	522	13200
20.3	694	13200
20.4	522	13200
20.5	522	12554
20.6	522	12559
20.7	511	12559
20.8	517	12462
20.9	522	12462
21	834	12462
21.1	824	12457
21.2	517	12462
21.3	824	12462
21.4	829	12462
21.5	824	12457
21.6	522	12457
21.7	931	12457
21.8	937	12457
21.9	942	12457
22	1055	12462
22.1	1044	12462
22.2	937	12457
22.3	926	12457
22.4	921	12457
22.5	931	12522
22.6	495	11542
22.7	495	11095
22.8	915	11563
22.9	931	11854
23	1039	11100
23.1	931	15025
23.2	490	13604
23.3	1039	11170
23.4	931	11003
23.5	1050	11100
23.6	931	11100
23.7	931	11100
23.8	947	11100
23.9	738	11100
24	931	11100
24.1	1044	11100
24.2	926	11100
24.3	490	11100
24.4	1050	11100
24.5	1044	11100
24.6	1394	11100
24.7	953	11100
24.8	1050	11100
24.9	1044	11100
25	1050	11100
25.1	1039	11100
25.2	1039	11100
25.3	1050	11757
25.4	1050	11763
25.5	1039	11763
25.6	791	11763
25.7	786	11763
25.8	786	11763
25.9	883	11763
26	877	13200
26.1	877	13200
26.2	221	13200
26.3	221	13200
26.4	991	13200
26.5	883	13200
26.6	991	13205
26.7	883	11757
26.8	877	13200
26.9	877	13200
27	985	13200
27.1	991	13200
27.2	991	13200
27.3	991	13200
27.4	495	13200
27.5	996	13200
27.6	980	13200
27.7	490	13200
27.8	991	13200
27.9	996	13103
28	490	11100
28.1	980	11100
28.2	985	11100
28.3	991	11100
28.4	991	11100
28.5	985	11100
28.6	2304	11100
28.7	991	11117
28.8	1949	11100
28.9	1050	11100
29	1055	11100
29.1	1050	11100
29.2	1044	11100
29.3	1050	11100
29.4	1044	11100
29.5	1044	11100
29.6	1050	11100
29.7	1050	11100
29.8	1400	11100
29.9	1389	11100
30	1050	11095
30.1	991	11111
30.2	1400	11117
30.3	1389	11122
30.4	1400	11127
30.5	1384	14524
30.6	1389	13124
30.7	1389	12112
30.8	1394	11095
30.9	1394	12086
31	1400	11553
31.1	1039	11090
31.2	1039	11596
31.3	1044	11122
31.4	1034	11127
31.5	1034	12010
31.6	1044	11025
31.7	1044	11160
31.8	1034	11009
31.9	1012	11090
32	1034	12118
32.1	1039	11014
32.2	1384	12118
32.3	415	11014
32.4	415	11612
32.5	415	12053
32.6	1389	11612
32.7	1400	11590
32.8	415	11009
32.9	415	12053
33	415	11014
33.1	415	12053
33.2	1394	11106
33.3	415	11612
33.4	1050	11106
33.5	1039	12586
33.6	1039	12042
33.7	1039	11090
33.8	1039	10971
33.9	415	11014
34	1044	12053
34.1	1039	11106
34.2	1044	11612
34.3	1044	11106
34.4	1071	12586
34.5	1044	12048
34.6	1071	11090
34.7	1394	12053
34.8	1389	11014
34.9	1394	11122
35	1384	11117
35.1	1394	11219
35.2	1400	11526
35.3	1384	11499
35.4	1389	11122
35.5	1384	11133
35.6	1039	11100
35.7	1039	12565
35.8	415	11504
35.9	415	12624
36	415	11612
36.1	415	11106
36.2	415	11160
36.3	415	11036
36.4	415	11009
36.5	415	12118
36.6	1050	11014
36.7	1039	11579
36.8	1039	11014
36.9	415	11095
37	1034	11106
37.1	1044	11149
37.2	1050	12042
37.3	1405	12586
37.4	1389	12118
37.5	1394	12618
37.6	1389	12053
37.7	1389	11020
37.8	1389	11617
37.9	1389	11106
38	1400	11160
38.1	1384	11509
38.2	1400	12102
38.3	415	11160
38.4	415	11014
38.5	415	12118
38.6	221	11127
38.7	415	11095
38.8	415	11106
38.9	415	11160
39	415	11100
39.1	415	11100
39.2	3300	11127
39.3	415	11014
39.4	415	12053
39.5	441	11127
39.6	436	11095
39.7	441	11504
39.8	436	11143
39.9	441	11509
40	441	11090
40.1	441	11127
40.2	441	12586
40.3	441	11504
40.4	441	11127
40.5	436	12048
40.6	409	10977
40.7	436	11138
40.8	415	11509
40.9	3300	11063
41	3300	11149
41.1	3300	11154
41.2	3300	11504
41.3	221	11138
41.4	221	11154
41.5	221	11106
41.6	221	11138
41.7	221	11106
41.8	441	11090
41.9	441	12317
42	441	11095
42.1	441	11504
42.2	436	12322
42.3	221	11154
42.4	221	12322
42.5	441	12322
42.6	441	11509
42.7	441	11095
42.8	441	12145
42.9	441	12317
43	436	12317
43.1	441	12322
43.2	441	12317
43.3	441	12322
43.4	221	11881
43.5	221	11881
43.6	221	11881
43.7	221	11881
43.8	221	11881
43.9	221	11881
44	221	11897
44.1	3305	11881
44.2	441	11407
44.3	436	12317
44.4	441	12317
44.5	441	12317
44.6	441	12317
44.7	436	12317
44.8	3300	12322
44.9	441	12322
45	3300	12317
45.1	441	12322
45.2	221	12322
45.3	221	12322
45.4	441	12344
45.5	441	12322
45.6	441	12328
45.7	264	12322
45.8	264	11256
45.9	264	11251
46	258	11246
46.1	264	11246
46.2	258	11246
46.3	441	12322
46.4	258	11251
46.5	258	11251
46.6	522	10987
46.7	522	12559
46.8	522	12559
46.9	522	12559
47	522	12559
47.1	522	12559
47.2	522	12559
47.3	522	12559
47.4	522	12559
47.5	522	12554
47.6	522	12559
47.7	522	12565
47.8	522	11014
47.9	528	12559
48	522	12559
48.1	657	12554
48.2	657	12559
48.3	436	12559
48.4	657	12554
48.5	490	12559
48.6	657	12559
48.7	328	11014
48.8	436	12559
48.9	657	12559
49	657	11154
49.1	657	12322
49.2	441	12317
49.3	441	12322
49.4	441	12328
49.5	441	12317
49.6	221	12317
49.7	436	12317
49.8	436	12322
49.9	221	12322
50	436	12322
50.1	441	12322
50.2	544	12317
50.3	441	12166
50.4	441	12172
50.5	3300	11881
50.6	221	11881
50.7	3300	11881
50.8	3300	11881
50.9	3300	11881
51	3300	11881
51.1	221	11881
51.2	221	11881
51.3	221	11881
51.4	441	11133
51.5	441	12317
51.6	441	12317
51.7	441	12317
51.8	441	12317
51.9	436	12322
52	441	12322
52.1	587	12317
52.2	441	12317
52.3	441	12317
52.4	441	12322
52.5	441	12317
52.6	3300	12322
52.7	441	12322
52.8	221	12322
52.9	657	11919
53	657	11908
53.1	436	11886
53.2	221	12333
53.3	221	11881
53.4	657	12322
53.5	221	12285
53.6	544	12285
53.7	221	11881
53.8	657	11095
53.9	441	12204
54	436	12317
54.1	436	12317
54.2	436	12145
54.3	657	12317
54.4	221	12322
54.5	436	12322
54.6	441	12317
54.7	447	12322
54.8	436	12317
54.9	436	12317
55	441	12317
55.1	441	12322
55.2	441	12322
55.3	441	11267
55.4	258	11251
55.5	264	11251
55.6	258	11246
55.7	264	11246
55.8	264	12322
55.9	258	11251
56	264	11251
56.1	264	11251
56.2	522	10982
56.3	517	12559
56.4	651	12559
56.5	651	12559
56.6	517	12559
56.7	651	12559
56.8	522	12559
56.9	528	12559
57	522	12570
57.1	522	10987
57.2	522	12559
57.3	522	12554
57.4	522	12559
57.5	258	12559
57.6	522	12559
57.7	657	10987
57.8	657	12559
57.9	221	12559
58	657	12602
58.1	657	13243
58.2	657	12602
58.3	657	16198
58.4	522	12592
58.5	657	12602
58.6	86	13205
58.7	48	12602
58.8	441	12317
58.9	441	12602
59	441	13243
59.1	86	12527
59.2	48	12602
59.3	441	13243
59.4	441	12602
59.5	86	13151
59.6	48	12511
59.7	436	12317
59.8	441	12602
59.9	436	13243
60	441	12602
60.1	86	12602
60.2	48	12592
60.3	221	12592
60.4	221	12602
60.5	221	13243
60.6	221	12527
60.7	48	12602
60.8	221	13243
60.9	221	12602
61	210	11693
61.1	441	12570
61.2	210	12575
61.3	86	11073
61.4	48	12322
61.5	210	11186
61.6	215	12602
61.7	441	13243
61.8	441	12602
61.9	215	12592
62	210	12602
62.1	86	12586
62.2	54	12548
62.3	48	11606
62.4	92	11020
62.5	54	11009
62.6	48	11865
62.7	436	12608
62.8	221	12597
62.9	221	13248
63	657	12602
63.1	210	11036
63.2	205	11666
63.3	657	11117
63.4	657	11047
63.5	436	12602
63.6	86	12608
63.7	48	12592
63.8	436	12592
63.9	436	15423
64	86	12602
64.1	48	13243
64.2	221	12602
64.3	215	12597
64.4	221	11666
64.5	221	12602
64.6	221	15445
64.7	59	12597
64.8	210	11693
64.9	59	11133
65	221	11084
65.1	221	12080
65.2	215	12602
65.3	54	13243
65.4	54	12602
65.5	205	11036
65.6	221	11666
65.7	221	11122
65.8	210	12559
65.9	651	11504
66	215	12559
66.1	522	11440
66.2	221	11440
66.3	215	12086
66.4	221	12597
66.5	65	12592
66.6	65	12592
66.7	205	12597
66.8	205	12597
66.9	264	11509
67	258	11509
67.1	264	11509
67.2	522	11515
67.3	86	11504
67.4	48	12559
67.5	436	12559
67.6	59	12602
67.7	54	13243
67.8	92	11003
67.9	205	11079
68	221	11666
68.1	221	11117
68.2	441	11736
68.3	48	10998
68.4	221	11881
68.5	221	11003
68.6	436	12317
68.7	86	12602
68.8	54	11041
68.9	48	11585
69	4167	12592
69.1	205	12586
69.2	205	11666
69.3	436	11030
69.4	441	12602
69.5	436	13243
69.6	86	11014
69.7	54	11009
69.8	48	11886
69.9	48	11881
70	221	12602
70.1	221	13243
70.2	86	11014
70.3	210	11036
70.4	205	11666
70.5	205	11030
70.6	86	11041
70.7	48	12333
70.8	441	12322
70.9	441	12602
71	1760	13243
71.1	1760	11434
71.2	59	11440
71.3	48	14050
71.4	1766	14056
71.5	210	12602
71.6	221	11666
71.7	221	11057
71.8	48	12602
71.9	1766	14061
72	86	14056
72.1	54	14050
72.2	48	11547
72.3	54	11111
72.4	54	12602
72.5	221	13243
72.6	221	11014
72.7	215	12032
72.8	221	11466
72.9	221	11117
73	86	11117
73.1	221	12102
73.2	59	11014
73.3	48	12317
73.4	436	12317
73.5	86	12602
73.6	54	12608
73.7	48	11585
73.8	436	12592
73.9	210	12581
74	221	11671
74.1	221	10998
74.2	221	12602
74.3	54	13243
74.4	59	11111
74.5	54	12118
74.6	221	12543
74.7	221	13641
74.8	215	12602
74.9	221	13243
75	221	12543
75.1	210	11079
75.2	54	11666
75.3	54	11117
75.4	59	11041
75.5	48	11025
75.6	221	11440
75.7	221	12602
75.8	221	11440
75.9	221	11440
76	65	11003
76.1	48	10987
76.2	522	12559
76.3	205	12602
76.4	205	11666
76.5	264	11509
76.6	258	12602
76.7	522	11515
76.8	522	11509
76.9	54	11499
77	48	12495
77.1	436	12565
77.2	59	12602
77.3	54	13243
77.4	657	12532
77.5	205	11036
77.6	221	11466
77.7	199	11030
77.8	441	11009
77.9	48	10998
78	221	13641
78.1	221	11003
78.2	441	12317
78.3	86	12602
78.4	54	12586
78.5	48	11601
78.6	441	12592
78.7	205	12586
78.8	205	11666
78.9	205	11063
79	328	12602
79.1	441	13243
79.2	86	12527
79.3	54	11009
79.4	48	11924
79.5	221	11924
79.6	221	12602
79.7	221	13243
79.8	86	12527
79.9	210	12037
80	205	11666
80.1	221	11063
80.2	86	11003
80.3	48	12322
80.4	48	12322
80.5	877	12602
80.6	1760	14061
80.7	1760	14056
80.8	59	11440
80.9	48	14050
81	48	14056
81.1	210	12602
81.2	221	11671
81.3	221	11057
81.4	48	12602
81.5	1766	14061
81.6	86	14056
81.7	657	14050
81.8	48	11547
81.9	54	11111
82	54	12602
82.1	657	13243
82.2	657	10998
82.3	210	12032
82.4	221	11666
82.5	210	11117
82.6	86	11003
82.7	48	12543
82.8	59	11014
82.9	48	12317
83	436	12317
83.1	86	12602
83.2	54	11041
83.3	48	11585
83.4	441	12592
83.5	210	11020
83.6	221	11666
83.7	221	10998
83.8	221	12602
83.9	54	13243
84	59	12651
84.1	54	11014
84.2	48	12543
84.3	221	10998
84.4	215	12602
84.5	221	13243
84.6	221	12543
84.7	210	11079
84.8	54	11666
84.9	54	11090
85	59	11009
85.1	48	12559
85.2	651	11440
85.3	221	12602
85.4	221	11440
85.5	221	11440
85.6	65	11003
85.7	48	12581
85.8	65	12559
85.9	205	12602
86	205	11666
86.1	522	11509
86.2	258	12602
86.3	522	11509
86.4	522	11509
86.5	48	11509
86.6	657	12559
86.7	221	12559
86.8	549	12602
86.9	54	13243
87	657	12602
87.1	226	12602
87.2	221	12592
87.3	221	12602
87.4	86	13205
87.5	221	11881
87.6	221	11003
87.7	221	12602
87.8	221	13243
87.9	86	12527
88	48	12602
88.1	1039	13243
88.2	651	12602
88.3	651	13243
88.4	657	13485
88.5	657	12322
88.6	651	12602
88.7	646	13243
88.8	651	12602
88.9	651	12602
89	48	12592
89.1	517	12592
89.2	221	12602
89.3	221	13243
89.4	86	12527
89.5	48	12602
89.6	441	13243
89.7	522	12602
89.8	210	11698
89.9	657	12570
90	210	11526
90.1	86	11073
90.2	48	11440
90.3	210	11660
90.4	1760	12602
90.5	1766	14056
90.6	1771	12602
90.7	215	11041
90.8	221	12602
90.9	221	12586
91	54	11009
91.1	48	14056
91.2	436	14056
91.3	662	14050
91.4	59	11989
91.5	54	12608
91.6	54	12597
91.7	657	13248
91.8	657	12602
91.9	210	11036
92	221	12064
92.1	657	11063
92.2	226	11047
92.3	221	12602
92.4	92	12608
92.5	48	12592
92.6	436	12592
92.7	441	15423
92.8	86	12602
92.9	48	13243
93	441	12602
93.1	210	12597
93.2	221	11666
93.3	221	12602
93.4	221	14056
93.5	59	12597
93.6	210	11693
93.7	59	11138
93.8	221	11073
93.9	210	12080
94	215	12602
94.1	221	13243
94.2	221	12602
94.3	210	12032
94.4	54	11666
94.5	54	11106
94.6	215	11003
94.7	651	11106
94.8	215	12581
94.9	221	11440
95	221	11440
95.1	215	11057
95.2	522	11063
95.3	65	12592
95.4	65	12592
95.5	205	12597
95.6	205	11160
95.7	522	11515
95.8	258	11515
95.9	258	11509
96	522	13604
96.1	592	12602
96.2	48	13243
96.3	199	12155
96.4	199	11596
96.5	393	12608
96.6	199	12635
96.7	210	12602
96.8	205	11666
96.9	205	11117
97	86	12602
97.1	48	13248
97.2	199	12155
97.3	199	12602
97.4	781	13243
97.5	522	12985
97.6	215	12602
97.7	48	11063
97.8	48	11154
97.9	205	12602
98	205	11666
98.1	210	11057
98.2	215	12602
98.3	215	13243
98.4	210	11057
98.5	215	12602
98.6	48	13243
98.7	48	12597
98.8	16	12608
98.9	6153	12608
99	393	12602
99.1	210	12602
99.2	48	11666
99.3	1394	11671
99.4	86	12602
99.5	48	14659
99.6	522	10987
99.7	528	12602
99.8	54	13243
99.9	54	11111
100	54	12602
100.1	48	12511
100.2	221	12985
100.3	86	12602
100.4	48	11666
100.5	48	11030
100.6	48	12602
100.7	48	13243
100.8	199	12086
100.9	199	12602
101	48	13243
101.1	350	15649
101.2	872	12608
101.3	264	12608
101.4	350	12602
101.5	205	12602
101.6	205	11666
101.7	205	11063
101.8	86	12602
101.9	48	14653
102	1044	11526
102.1	355	12602
102.2	350	13243
102.3	522	12985
102.4	215	12602
102.5	48	11063
102.6	48	11154
102.7	205	12602
102.8	205	11666
102.9	210	11057
103	215	12602
103.1	215	12511
103.2	210	11698
103.3	215	12602
103.4	48	13243
103.5	48	12597
103.6	16	12608
103.7	6153	12608
103.8	2186	12629
103.9	210	12602
104	48	11666
104.1	522	11515
104.2	528	12602
104.3	48	14050
104.4	522	11509
104.5	522	12602
104.6	172	13243
104.7	43	13098
104.8	43	12602
104.9	48	13243
105	172	12048
105.1	205	12602
105.2	48	11666
105.3	65	11106
105.4	48	12602
105.5	592	13243
105.6	210	12080
105.7	592	12602
105.8	48	13248
105.9	199	12155
106	199	12608
106.1	393	12608
106.2	199	12635
106.3	210	12602
106.4	205	11666
106.5	205	11117
106.6	86	12602
106.7	48	12511
106.8	199	12155
106.9	199	12602
107	393	13243
107.1	393	12985
107.2	215	12602
107.3	48	11063
107.4	48	12145
107.5	205	12602
107.6	205	11666
107.7	210	11057
107.8	215	12602
107.9	215	13243
108	210	11057
108.1	215	12602
108.2	48	13243
108.3	48	12597
108.4	16	12608
108.5	6153	12608
108.6	883	12602
108.7	210	12602
108.8	48	11666
108.9	1394	11122
109	86	12602
109.1	48	14050
109.2	522	10987
109.3	264	12602
109.4	199	13243
109.5	194	11068
109.6	194	12602
109.7	48	14050
109.8	194	11170
109.9	205	12602
110	48	11666
110.1	48	11030
110.2	48	12602
110.3	48	13243
110.4	210	12080
110.5	199	12602
110.6	48	12516
110.7	1394	11170
110.8	1400	12608
110.9	355	12608
111	210	12575
111.1	210	12602
111.2	205	11666
111.3	65	11106
111.4	48	11176
111.5	48	11983
111.6	1394	11047
111.7	59	12597
111.8	48	12592
111.9	48	12592
112	215	12602
112.1	48	11063
112.2	65	12145
112.3	48	12602
112.4	48	11122
112.5	215	11052
112.6	4581	12602
112.7	522	13243
112.8	528	12985
112.9	86	12602
113	48	13243
113.1	48	13485
113.2	16	12608
113.3	6153	12608
113.4	48	12635
113.5	210	12602
113.6	48	11122
113.7	86	11057
113.8	43	12602
113.9	48	13243
114	172	12048
114.1	43	12602
114.2	350	12592
114.3	350	12592
114.4	350	12597
114.5	350	13243
114.6	5200	12985
114.7	350	12602
114.8	350	13243
114.9	65	13485
115	48	12602
115.1	48	13243
115.2	210	11057
115.3	657	11133
115.4	48	11009
115.5	436	15655
115.6	657	12602
115.7	657	13243
115.8	657	12527
115.9	210	12032
116	205	11666
116.1	657	11063
116.2	86	11003
116.3	48	12339
116.4	92	11014
116.5	48	12317
116.6	436	12317
116.7	86	12602
116.8	54	12608
116.9	48	11601
117	646	12592
117.1	205	12586
117.2	657	11100
117.3	657	11030
117.4	651	12602
117.5	651	13243
117.6	651	12570
117.7	54	11009
117.8	48	11892
117.9	221	11881
118	221	12602
118.1	221	13243
118.2	221	12527
118.3	210	12037
118.4	210	12064
118.5	205	11117
118.6	86	11003
118.7	48	12322
118.8	328	12322
118.9	441	12602
119	441	13243
119.1	436	12985
119.2	59	12225
119.3	48	12317
119.4	48	12317
119.5	205	12602
119.6	205	11666
119.7	86	11090
119.8	48	12602
119.9	657	13243
120	328	12527
120.1	54	11009
120.2	48	11935
120.3	436	11886
120.4	436	12602
120.5	657	13243
120.6	657	12527
120.7	210	11079
120.8	205	11666
120.9	657	11063
121	86	11003
121.1	48	12344
121.2	92	11009
121.3	48	12317
121.4	441	12317
121.5	441	12602
121.6	54	11036
121.7	48	11601
121.8	436	12586
121.9	210	12586
122	786	11666
122.1	587	11117
122.2	592	12602
122.3	786	13243
122.4	86	11014
122.5	54	12139
122.6	48	11165
122.7	436	11251
122.8	1044	12602
122.9	334	13243
123	328	12532
123.1	210	12032
123.2	210	11666
123.3	441	11030
123.4	86	12548
123.5	48	12559
123.6	651	12559
123.7	522	12602
123.8	651	13243
123.9	651	12559
124	59	11003
124.1	48	12554
124.2	522	12554
124.3	205	12602
124.4	786	11666
124.5	86	11649
124.6	48	12602
124.7	54	13243
124.8	86	12559
124.9	54	10998
125	48	12559
125.1	436	12559
125.2	221	12602
125.3	221	13243
125.4	86	11003
125.5	210	12032
125.6	205	11666
125.7	221	11063
125.8	86	11003
125.9	48	12258
126	92	11014
126.1	48	12317
126.2	436	12317
126.3	86	12602
126.4	54	12608
126.5	48	11585
126.6	651	12592
126.7	205	11025
126.8	651	11666
126.9	657	11052
127	651	12602
127.1	651	13243
127.2	651	12527
127.3	54	12548
127.4	48	11881
127.5	517	11881
127.6	221	12602
127.7	3300	13243
127.8	86	11014
127.9	210	11036
128	205	11666
128.1	205	11030
128.2	86	11003
128.3	48	12468
128.4	328	12322
128.5	441	12602
128.6	495	13243
128.7	441	12597
128.8	59	10998
128.9	48	12317
129	441	12317
129.1	205	12602
129.2	205	11666
129.3	86	11090
129.4	48	12602
129.5	657	13243
129.6	328	12532
129.7	54	11009
129.8	48	11795
129.9	436	12215
130	657	12602
130.1	436	13243
130.2	657	12527
130.3	210	12032
130.4	205	11666
130.5	657	11063
130.6	86	11133
130.7	48	12290
130.8	436	11014
130.9	48	12317
131	441	12317
131.1	86	12602
131.2	54	12608
131.3	48	11585
131.4	441	12592
131.5	210	12586
131.6	221	11585
131.7	221	10998
131.8	221	12602
131.9	54	13243
132	59	12527
132.1	54	11014
132.2	48	12538
132.3	221	12543
132.4	215	12602
132.5	54	13243
132.6	59	11111
132.7	48	12032
132.8	221	11466
132.9	221	11057
133	215	12570
133.1	48	10987
133.2	221	11440
133.3	522	12602
133.4	221	11440
133.5	221	11440
133.6	65	11434
133.7	48	12554
133.8	65	12554
133.9	205	12602
134	786	11666
134.1	264	11509
134.2	258	12602
134.3	522	11509
134.4	522	11509
134.5	54	13609
134.6	48	12565
134.7	872	12559
134.8	877	12602
134.9	877	13243
135	877	11003
135.1	877	12032
135.2	221	11666
135.3	877	11106
135.4	877	11095
135.5	48	10998
135.6	221	10998
135.7	221	11009
135.8	877	12403
135.9	877	12602
136	54	12608
136.1	48	11601
136.2	651	12592
136.3	205	12581
136.4	651	11671
136.5	657	11052
136.6	651	12602
136.7	651	13243
136.8	651	12527
136.9	54	11009
137	48	11154
137.1	221	11881
137.2	877	12602
137.3	657	13243
137.4	328	12527
137.5	205	12037
137.6	786	11666
137.7	657	11030
137.8	86	11003
137.9	48	12322
138	662	12322
138.1	662	12602
138.2	662	13243
138.3	700	11434
138.4	59	11440
138.5	48	14050
138.6	657	14056
138.7	210	12602
138.8	215	11736
138.9	221	11030
139	48	12602
139.1	657	14056
139.2	872	14056
139.3	877	14050
139.4	48	11547
139.5	877	12155
139.6	883	12602
139.7	877	13243
139.8	877	12532
139.9	210	11208
140	221	11666
140.1	883	11063
140.2	883	11117
140.3	877	12985
140.4	877	11020
140.5	877	12322
140.6	877	12322
140.7	883	12602
140.8	877	11036
140.9	48	11585
141	877	12592
141.1	215	12586
141.2	877	11030
141.3	221	10998
141.4	877	12602
141.5	877	13243
141.6	59	12527
141.7	877	12532
141.8	48	12538
141.9	877	10998
142	1044	12602
142.1	651	13243
142.2	221	10998
142.3	210	11079
142.4	1044	11666
142.5	877	11090
142.6	1044	11009
142.7	48	12575
142.8	651	11003
142.9	1044	12602
143	221	11440
143.1	1044	11440
143.2	65	11434
143.3	1044	12559
143.4	1039	12559
143.5	1044	12602
143.6	657	11666
143.7	1044	11509
143.8	1044	12602
143.9	1044	11515
144	1050	11509
144.1	1044	11499
144.2	1314	11014
144.3	1044	12565
144.4	1314	12602
144.5	54	13243
144.6	1314	12985
144.7	1319	11079
144.8	1314	11666
144.9	1319	11063
145	1319	11095
145.1	48	10998
145.2	221	11881
145.3	1314	11666
145.4	1319	12145
145.5	1314	12602
145.6	1319	11036
145.7	48	11601
145.8	1319	12592
145.9	205	11025
146	436	11666
146.1	657	11030
146.2	1755	12602
146.3	651	13248
146.4	1314	11014
146.5	54	11003
146.6	48	11165
146.7	1577	11924
146.8	1314	12602
146.9	1308	13243
147	328	11020
147.1	210	11036
147.2	1174	12064
147.3	1314	11063
147.4	86	11003
147.5	48	12322
147.6	662	12322
147.7	662	12602
147.8	1044	13243
147.9	662	11434
148	59	11440
148.1	48	14056
148.2	657	14056
148.3	1044	12602
148.4	985	11736
148.5	221	11030
148.6	48	12602
148.7	657	14061
148.8	877	14056
148.9	985	14050
149	48	11547
149.1	54	11111
149.2	877	12602
149.3	985	13243
149.4	877	11009
149.5	877	11079
149.6	221	11483
149.7	877	11063
149.8	872	11138
149.9	877	12543
150	877	12317
150.1	48	12317
150.2	877	12317
150.3	872	12602
150.4	54	11041
150.5	48	11585
150.6	877	12592
150.7	877	12586
150.8	877	11666
150.9	221	10998
151	877	12602
151.1	54	13243
151.2	877	12527
151.3	54	12532
151.4	877	12543
151.5	877	10998
151.6	1044	12602
151.7	1314	13243
151.8	221	12102
151.9	210	11073
152	54	11666
152.1	1314	11106
152.2	1314	12548
152.3	48	12527
152.4	1314	11440
152.5	221	12602
152.6	1319	11440
152.7	1319	11440
152.8	65	12559
152.9	48	12559
153	65	12554
153.1	1044	12602
153.2	1572	11666
153.3	522	11509
153.4	1044	12602
153.5	264	11515
153.6	1044	11509
153.7	54	11515
153.8	48	12565
153.9	1308	12559
154	1319	12602
154.1	1314	13248
154.2	1319	10998
154.3	1319	11047
154.4	221	11666
154.5	1319	11084
154.6	1319	11095
154.7	48	10998
154.8	221	13641
154.9	1314	11003
155	1319	12317
155.1	1319	12602
155.2	1314	12608
155.3	48	11601
155.4	1314	12592
155.5	1319	12586
155.6	1314	11666
155.7	1319	11106
155.8	1319	12602
155.9	1314	13243
156	1319	12532
156.1	1319	11003
156.2	48	11881
156.3	1314	11859
156.4	1319	12602
156.5	1319	13243
156.6	1314	11003
156.7	210	12032
156.8	1319	11666
156.9	1319	11030
157	1314	11003
157.1	48	11030
157.2	1319	12317
157.3	1044	12602
157.4	980	13243
157.5	985	11434
157.6	59	11423
157.7	48	14050
157.8	657	14056
157.9	210	12602
158	662	11666
158.1	221	11030
158.2	48	12602
158.3	657	14061
158.4	436	14056
158.5	877	14050
158.6	48	11547
158.7	877	11111
158.8	883	12602
158.9	883	12511
159	877	11014
159.1	215	11036
159.2	221	11466
159.3	877	11084
159.4	877	11117
159.5	877	12102
159.6	877	11014
159.7	48	12312
159.8	1044	12317
159.9	1039	12602
160	1044	12608
160.1	1044	11601
160.2	1050	12592
160.3	1044	12586
160.4	1044	11666
160.5	1044	10998
160.6	1044	12602
160.7	1050	12516
160.8	1044	12592
160.9	1050	11009
161	985	12102
161.1	985	10998
161.2	974	12602
161.3	980	13243
161.4	985	12102
161.5	210	11036
161.6	54	11666
161.7	54	11090
161.8	985	11079
161.9	48	11047
162	872	11440
162.1	221	12602
162.2	221	11440
162.3	221	11440
162.4	65	12559
162.5	980	11122
162.6	985	12559
162.7	877	12602
162.8	657	11666
162.9	522	11509
163	1044	12602
163.1	1044	11515
163.2	985	11509
163.3	1044	11509
163.4	1314	12570
163.5	1308	12554
163.6	1319	12602
163.7	1314	13243
163.8	657	12602
163.9	1314	12602
164	1314	12592
164.1	1319	12602
164.2	1314	13205
164.3	1319	11881
164.4	221	10998
164.5	1319	12602
164.6	1319	12511
164.7	1314	11014
164.8	1319	12602
164.9	1319	13248
165	1319	12602
165.1	1319	15445
165.2	1319	13485
165.3	1319	12602
165.4	1319	12602
165.5	1319	13243
165.6	1314	12602
165.7	1577	12602
165.8	1755	12592
165.9	1572	12592
166	495	12602
166.1	328	13243
166.2	1760	10998
166.3	48	12602
166.4	436	13243
166.5	1760	12602
166.6	210	12091
166.7	1760	12624
166.8	210	12069
166.9	1755	11073
167	1755	10998
167.1	210	12581
167.2	1766	12602
167.3	1755	14056
167.4	1755	12602
167.5	215	11041
167.6	1572	12602
167.7	221	12592
167.8	221	11009
167.9	48	14056
168	1572	14056
168.1	1577	14050
168.2	1572	11547
168.3	54	12608
168.4	1577	12597
168.5	1572	13248
168.6	1577	12602
168.7	210	11036
168.8	1572	11466
168.9	1577	11090
169	1577	11047
169.1	221	12602
169.2	1572	12608
169.3	48	12592
169.4	1400	12592
169.5	1394	12586
169.6	1405	12602
169.7	1400	13248
169.8	1400	12602
169.9	210	12597
170	221	11666
170.1	221	12602
170.2	221	14056
170.3	592	12597
170.4	210	11693
170.5	1308	11138
170.6	1314	11009
170.7	210	12075
170.8	1319	12602
170.9	221	13243
171	221	12602
171.1	210	12032
171.2	54	11666
171.3	1314	11117
171.4	215	12554
171.5	1044	11504
171.6	215	11440
171.7	221	11606
171.8	1319	11440
171.9	215	11698
172	651	13512
172.1	877	12592
172.2	872	12592
172.3	877	12597
172.4	985	11606
172.5	877	11509
172.6	258	11509
172.7	985	11509
172.8	522	11515
172.9	985	12602
173	985	14050
173.1	985	12150
173.2	985	12608
173.3	985	12608
173.4	985	12635
173.5	205	12602
173.6	985	11666
173.7	985	11084
173.8	985	12602
173.9	48	13248
174	199	11014
174.1	985	12602
174.2	786	13243
174.3	985	12150
174.4	215	12602
174.5	48	11063
174.6	985	11149
174.7	205	12602
174.8	786	11666
174.9	210	11057
175	215	12602
175.1	786	13248
175.2	210	11057
175.3	215	12602
175.4	48	13243
175.5	786	12597
175.6	786	12608
175.7	786	12608
175.8	786	12602
175.9	210	12602
176	48	11666
176.1	1394	11671
176.2	86	12602
176.3	48	13248
176.4	522	10987
176.5	786	12602
176.6	786	13243
176.7	781	11553
176.8	54	12602
176.9	48	12511
177	786	12597
177.1	86	12602
177.2	48	11666
177.3	48	11030
177.4	48	12602
177.5	48	13243
177.6	199	12086
177.7	92	12602
177.8	48	13243
177.9	700	15655
178	705	12608
178.1	705	12608
178.2	700	12602
178.3	205	12602
178.4	205	11666
178.5	700	11117
178.6	86	12602
178.7	48	13243
178.8	700	11526
178.9	705	12602
179	700	13243
179.1	700	13480
179.2	215	12602
179.3	48	11063
179.4	700	12145
179.5	205	12602
179.6	700	11666
179.7	210	11057
179.8	215	12602
179.9	700	13243
180	210	11693
180.1	215	12602
180.2	48	13243
180.3	705	13485
180.4	705	12608
180.5	700	12608
180.6	700	12629
180.7	210	12597
180.8	48	11666
180.9	700	11515
181	528	12602
181.1	48	13243
181.2	522	11509
181.3	700	12602
181.4	172	13243
181.5	43	11149
181.6	43	12602
181.7	48	12511
181.8	178	12048
181.9	205	12602
182	48	11666
182.1	65	11063
182.2	48	12602
182.3	592	13243
182.4	210	12080
182.5	592	11138
182.6	48	11138
182.7	199	11095
182.8	199	11095
182.9	786	11111
183	199	11117
183.1	199	11133
183.2	786	12505
183.3	781	12511
183.4	791	12511
183.5	786	12505
183.6	786	12505
183.7	781	12511
183.8	786	12511
183.9	781	12511
184	786	11558
184.1	781	11553
184.2	786	11999
184.3	781	12091
184.4	786	11036
184.5	786	11041
184.6	781	11579
184.7	786	11440
184.8	786	11165
184.9	786	11030
185	786	11020
185.1	781	11009
185.2	781	12602
185.3	786	13243
185.4	786	12602
185.5	781	12602
185.6	786	12592
185.7	786	12602
185.8	786	15423
185.9	48	11020
186	522	11509
186.1	264	12602
186.2	199	14056
186.3	194	11170
186.4	194	12602
186.5	194	13243
186.6	199	12602
186.7	92	14067
186.8	48	11073
186.9	48	11660
187	48	12602
187.1	48	13243
187.2	786	12602
187.3	781	12602
187.4	786	12592
187.5	700	12592
187.6	705	12602
187.7	700	14653
187.8	700	11176
187.9	48	12602
188	705	13243
188.1	700	12602
188.2	210	11531
188.3	705	11057
188.4	210	12570
188.5	705	11073
188.6	48	11644
188.7	210	12581
188.8	700	12602
188.9	705	13243
189	700	12602
189.1	215	12592
189.2	700	12602
189.3	700	12586
189.4	54	11009
189.5	48	11606
189.6	700	11020
189.7	54	11009
189.8	48	11025
189.9	700	12608
190	705	12602
190.1	700	13243
190.2	48	12602
190.3	210	11036
190.4	700	11666
190.5	86	11117
190.6	172	11047
190.7	172	12602
190.8	172	12608
190.9	48	12592
191	700	12592
191.1	700	15423
191.2	86	12602
191.3	48	13248
191.4	700	12602
191.5	205	12597
191.6	705	11666
191.7	700	12602
191.8	700	13243
191.9	48	12527
192	210	11014
192.1	700	11133
192.2	48	12581
192.3	210	12080
192.4	700	12602
192.5	700	13243
192.6	700	12602
192.7	205	12032
192.8	205	11666
192.9	205	11117
193	210	11186
193.1	700	11073
193.2	210	11596
193.3	86	11073
193.4	48	11660
193.5	210	12080
193.6	215	11063
193.7	4576	12592
193.8	4576	12592
193.9	205	13211
194	205	11601
194.1	86	11057
194.2	48	11644
194.3	16	12016
194.4	210	12581
194.5	657	12586
194.6	48	11138
194.7	436	11149
194.8	657	11133
194.9	657	11138
195	657	11117
195.1	657	11133
195.2	436	12511
195.3	657	12511
195.4	657	11111
195.5	441	11154
195.6	436	11068
195.7	441	12511
195.8	436	12511
195.9	441	15057
196	441	13604
196.1	441	12059
196.2	441	11003
196.3	592	12069
196.4	441	11138
196.5	436	11585
196.6	964	11052
196.7	974	11095
196.8	1949	11585
196.9	3300	13614
197	3300	11154
197.1	221	11084
197.2	221	11009
197.3	221	11585
197.4	221	11488
197.5	221	11127
197.6	221	11703
197.7	221	11192
197.8	441	11456
197.9	441	11633
198	436	11090
198.1	221	11456
198.2	436	11143
198.3	3300	11579
198.4	436	12570
198.5	441	12678
198.6	441	11063
198.7	441	12112
198.8	441	11095
198.9	436	14083
199	441	11553
199.1	441	11041
199.2	441	11596
199.3	657	11628
199.4	657	11111
199.5	436	12048
199.6	221	13114
199.7	657	13135
199.8	657	11047
199.9	657	11908
200	441	11574
200.1	657	11596
200.2	657	11192
200.3	436	11030
200.4	436	11466
200.5	657	11095
200.6	436	14573
200.7	436	11030
200.8	657	11558
200.9	441	11090
201	221	11579
201.1	441	11111
201.2	441	11106
201.3	441	11106
201.4	441	11084
201.5	441	11106
201.6	441	11655
201.7	264	11579
201.8	264	11143
201.9	258	11025
202	258	11127
202.1	264	11617
202.2	258	13081
202.3	264	11079
202.4	264	13114
202.5	258	13620
202.6	528	12559
202.7	522	12559
202.8	646	12559
202.9	651	12559
203	646	12559
203.1	651	12559
203.2	651	12559
203.3	328	10987
203.4	522	12559
203.5	646	12554
203.6	651	12559
203.7	528	12559
203.8	522	12559
203.9	528	12559
204	522	12559
204.1	657	12559
204.2	657	12559
204.3	651	12559
204.4	657	11084
204.5	221	12559
204.6	657	12559
204.7	328	10987
204.8	436	12559
204.9	221	12559
205	441	11014
205.1	441	12317
205.2	441	12328
205.3	441	12306
205.4	436	12317
205.5	436	12322
205.6	221	12322
205.7	221	12322
205.8	441	12322
205.9	447	12199
206	436	12317
206.1	441	12155
206.2	3300	12172
206.3	436	12322
206.4	441	12322
206.5	441	11881
206.6	3300	11881
206.7	3300	11881
206.8	3300	11881
206.9	221	11881
207	221	11881
207.1	221	11881
207.2	221	11881
207.3	221	11881
207.4	441	11122
207.5	441	12317
207.6	441	12317
207.7	441	12317
207.8	441	12317
207.9	436	12322
208	441	12317
208.1	441	12317
208.2	441	12317
208.3	441	12322
208.4	3300	12322
208.5	221	12322
208.6	221	12322
208.7	441	12322
208.8	441	12344
208.9	657	11876
209	657	11892
209.1	221	11876
209.2	221	11886
209.3	221	11886
209.4	657	11886
209.5	221	11881
209.6	436	12322
209.7	657	11881
209.8	657	11025
209.9	441	12161
210	436	12145
210.1	436	12161
210.2	436	12317
210.3	436	12317
210.4	447	12322
210.5	436	12247
210.6	436	12322
210.7	441	12290
210.8	441	12317
210.9	441	12317
211	441	12322
211.1	441	12322
211.2	441	12317
211.3	441	11106
211.4	264	11251
211.5	264	11246
211.6	264	11246
211.7	258	11246
211.8	264	12322
211.9	264	11251
212	258	11251
212.1	264	11251
212.2	522	10982
212.3	522	12559
212.4	651	12559
212.5	528	12559
212.6	522	12559
212.7	522	12559
212.8	522	12565
212.9	651	10987
213	522	12559
213.1	522	12559
213.2	522	12559
213.3	522	12559
213.4	522	12559
213.5	522	12559
213.6	522	12559
213.7	657	12554
213.8	657	12559
213.9	436	12559
214	221	12559
214.1	657	12559
214.2	522	12559
214.3	657	11025
214.4	3300	12522
214.5	657	11558
214.6	657	11606
214.7	441	11030
214.8	441	11563
214.9	441	11057
215	441	11531
215.1	441	15057
215.2	544	13604
215.3	436	11170
215.4	441	11090
215.5	592	12069
215.6	441	11138
215.7	436	11585
215.8	974	11633
215.9	974	11612
216	1949	11585
216.1	221	13614
216.2	221	11154
216.3	221	11084
216.4	221	11009
216.5	221	12042
216.6	221	11488
216.7	221	11009
216.8	221	11703
216.9	221	11192
217	221	11456
217.1	221	11633
217.2	436	11090
217.3	3300	11649
217.4	436	11660
217.5	441	12527
217.6	441	10993
217.7	436	12678
217.8	581	11117
217.9	441	12112
218	441	11095
218.1	441	11526
218.2	441	11138
218.3	441	10982
218.4	441	11596
218.5	657	11639
218.6	657	11111
218.7	436	12048
218.8	221	11623
218.9	441	11181
219	657	12107
219.1	328	11908
219.2	436	11601
219.3	657	11606
219.4	657	11526
219.5	436	11079
219.6	436	11084
219.7	436	11095
219.8	436	14573
219.9	436	11127
220	657	11655
220.1	441	11095
220.2	441	11579
220.3	441	11563
220.4	441	11009
220.5	441	11106
220.6	441	11143
220.7	441	11106
220.8	436	11111
220.9	258	11585
221	258	11095
221.1	258	11504
221.2	258	13614
221.3	264	11617
221.4	264	11111
221.5	258	11079
221.6	264	11084
221.7	264	11003
221.8	517	11547
221.9	651	12559
222	651	12559
222.1	522	12554
222.2	646	12543
222.3	651	12559
222.4	651	12559
222.5	651	12554
222.6	517	11009
222.7	522	12559
222.8	528	12559
222.9	522	12559
223	528	12559
223.1	522	12559
223.2	522	12559
223.3	657	12554
223.4	657	12559
223.5	651	12559
223.6	657	11095
223.7	657	12559
223.8	657	11047
223.9	657	11014
224	522	14104
224.1	221	11558
224.2	657	11542
224.3	441	11030
224.4	436	12069
224.5	441	11170
224.6	657	11531
224.7	657	15057
224.8	1846	14110
224.9	544	11170
225	441	11590
225.1	996	11122
225.2	441	11138
225.3	441	11649
225.4	964	11052
225.5	974	11612
225.6	441	10987
225.7	441	11117
225.8	3295	13162
225.9	221	11084
226	221	11639
226.1	221	12069
226.2	221	11488
226.3	221	11009
226.4	221	11703
226.5	3300	11192
226.6	441	12527
226.7	436	11633
226.8	441	11138
226.9	436	11025
227	441	11149
227.1	441	11020
227.2	436	12570
227.3	441	12543
227.4	441	11063
227.5	221	12037
227.6	221	11095
227.7	441	11515
227.8	441	11553
227.9	441	11090
228	441	11526
228.1	657	12010
228.2	657	13464
228.3	221	13641
228.4	215	11386
228.5	0	0
228.6	0	0
228.7	0	0
228.8	0	0
228.9	0	0
229	0	0
229.1	0	0
229.2	0	0
229.3	0	0
229.4	0	0
229.5	0	0
229.6	0	0
229.7	0	0
229.8	0	0
229.9	0	0
230	0	0
230.1	0	0
230.2	0	0
230.3	0	0
230.4	0	0
230.5	0	0
230.6	0	0
230.7	0	0
230.8	0	0
230.9	0	0
231	0	0
231.1	0	0
231.2	0	0
231.3	0	0
231.4	0	0
231.5	0	0
231.6	0	0
231.7	0	0
231.8	0	0
231.9	0	0
232	0	0
232.1	0	0
232.2	0	0
232.3	0	0
232.4	0	0
232.5	0	0
232.6	0	0
232.7	0	0
232.8	0	0
232.9	0	0
233	0	0
233.1	0	0
233.2	0	0
233.3	0	0
233.4	0	0
233.5	0	0
233.6	0	0
233.7	0	0
233.8	0	0
