0.1	59	11052
0.2	48	11682
0.3	738	11073
0.4	738	11030
0.5	738	11192
0.6	54	13087
0.7	48	11628
0.8	738	11579
0.9	92	12269
1	92	11020
1.1	54	13076
1.2	48	11143
1.3	102	11590
1.4	102	11300
1.5	102	13087
1.6	48	11117
1.7	16	11757
1.8	92	11122
1.9	92	11030
2	54	11030
2.1	48	11682
2.2	1669	11041
2.3	102	11025
2.4	102	11095
2.5	54	11741
2.6	48	11628
2.7	738	11122
2.8	738	12263
2.9	700	11041
3	48	11014
3.1	92	11666
3.2	102	11235
3.3	102	11165
3.4	829	10998
3.5	48	11757
3.6	97	11623
3.7	102	12269
3.8	102	11149
3.9	54	11235
4	92	11100
4.1	743	11020
4.2	743	11235
4.3	743	11009
4.4	48	11746
4.5	738	11757
4.6	743	11757
4.7	743	12269
4.8	54	11041
4.9	48	11676
5	16	11574
5.1	743	11106
5.2	743	11084
5.3	54	11741
5.4	48	11757
5.5	16	11617
5.6	743	12269
5.7	75	11127
5.8	48	11106
5.9	22	11020
6	16	11579
6.1	16	11111
6.2	54	13087
6.3	48	11757
6.4	16	11623
6.5	16	12269
6.6	16	12269
6.7	54	11014
6.8	48	11170
6.9	16	11160
7	16	11111
7.1	92	11090
7.2	48	11746
7.3	48	11623
7.4	16	11122
7.5	16	12269
7.6	59	11014
7.7	48	11106
7.8	738	11170
7.9	738	11041
8	738	11014
8.1	54	11741
8.2	48	11623
8.3	738	11623
8.4	92	11020
8.5	92	11020
8.6	54	13076
8.7	48	11100
8.8	102	11170
8.9	102	12075
9	102	11030
9.1	48	11003
9.2	16	11757
9.3	92	11122
9.4	92	11057
9.5	54	11057
9.6	48	15062
9.7	834	11090
9.8	102	11047
9.9	102	11079
10	54	11741
10.1	48	11628
10.2	738	11117
10.3	694	12269
10.4	738	11725
10.5	48	11100
10.6	743	11009
10.7	829	11041
10.8	102	11127
10.9	59	13087
11	48	11757
11.1	97	11617
11.2	102	11246
11.3	102	11041
11.4	54	11084
11.5	92	11090
11.6	743	11994
11.7	743	11100
11.8	743	11009
11.9	48	11746
12	743	11752
12.1	743	11117
12.2	743	11757
12.3	54	11014
12.4	48	11676
12.5	16	11025
12.6	743	11240
12.7	743	11079
12.8	54	11741
12.9	48	11741
13	16	11617
13.1	743	12269
13.2	75	11127
13.3	48	11106
13.4	22	11020
13.5	16	11579
13.6	16	11111
13.7	54	11030
13.8	48	11757
13.9	16	11623
14	16	12269
14.1	16	12269
14.2	54	11014
14.3	48	11170
14.4	16	11310
14.5	16	11111
14.6	92	11073
14.7	48	11746
14.8	48	11623
14.9	16	11122
15	16	12269
15.1	59	11014
15.2	48	11041
15.3	738	11025
15.4	738	11030
15.5	738	11100
15.6	54	13087
15.7	48	11741
15.8	738	11623
15.9	92	11757
16	92	11714
16.1	54	13076
16.2	48	11655
16.3	102	11084
16.4	102	11154
16.5	102	11030
16.6	48	11746
16.7	16	11757
16.8	834	11240
16.9	92	11095
17	54	11811
17.1	48	13081
17.2	834	11095
17.3	102	11041
17.4	102	11100
17.5	54	11746
17.6	48	11623
17.7	738	11122
17.8	738	12269
17.9	732	11122
18	48	11789
18.1	92	11235
18.2	102	11160
18.3	102	11025
18.4	59	13087
18.5	48	11757
18.6	97	11617
18.7	102	12269
18.8	102	11041
18.9	54	11025
19	92	11020
19.1	743	11095
19.2	743	11025
19.3	743	11036
19.4	48	11746
19.5	743	11623
19.6	743	11122
19.7	743	12274
19.8	54	11655
19.9	48	13081
20	743	11585
20.1	743	11596
20.2	743	11068
20.3	54	11741
20.4	48	11623
20.5	16	11617
20.6	743	12269
20.7	75	11009
20.8	48	11106
20.9	22	11009
21	16	11579
21.1	16	11117
21.2	54	13087
21.3	48	11757
21.4	16	11623
21.5	16	12269
21.6	16	13803
21.7	54	11655
21.8	48	11671
21.9	16	11160
22	16	11111
22.1	92	11079
22.2	48	11746
22.3	48	11623
22.4	16	11122
22.5	16	12269
22.6	59	11014
22.7	48	15062
22.8	738	11030
22.9	738	11375
23	738	11149
23.1	54	10998
23.2	48	11628
23.3	738	11579
23.4	92	12269
23.5	92	10977
23.6	54	12225
23.7	48	11036
23.8	102	12355
23.9	102	11047
24	102	11030
24.1	48	11746
24.2	16	11757
24.3	834	11752
24.4	92	11752
24.5	54	11725
24.6	48	11090
24.7	834	11084
24.8	102	11084
24.9	102	11009
25	54	11741
25.1	48	11623
25.2	738	11122
25.3	738	12274
25.4	743	11014
25.5	48	11666
25.6	743	11165
25.7	829	11036
25.8	102	11090
25.9	59	11073
26	48	11757
26.1	97	11623
26.2	102	12269
26.3	102	11052
26.4	54	11100
26.5	92	11030
26.6	743	11165
26.7	743	11649
26.8	743	11009
26.9	48	11746
27	743	11623
27.1	743	11757
27.2	743	11763
27.3	54	11741
27.4	48	13081
27.5	743	11515
27.6	743	11106
27.7	743	11084
27.8	54	11741
27.9	48	11623
28	16	11617
28.1	2536	12269
28.2	75	11068
28.3	48	11165
28.4	22	11020
28.5	16	11073
28.6	16	11003
28.7	54	11068
28.8	48	11757
28.9	16	11073
29	6815	11073
29.1	6804	13119
29.2	54	11644
29.3	48	11073
29.4	16	11073
29.5	6815	11073
29.6	188	12484
29.7	48	11036
29.8	48	11160
29.9	16	11073
30	6810	11073
30.1	59	11068
30.2	48	11111
30.3	738	13071
30.4	738	15935
30.5	738	11542
30.6	54	13087
30.7	48	11100
30.8	738	11623
30.9	183	15935
31	92	11079
31.1	54	11154
31.2	48	13733
31.3	102	11073
31.4	102	11068
31.5	102	11073
31.6	48	11746
31.7	3542	11020
31.8	92	15929
31.9	92	11014
32	54	11073
32.1	48	11020
32.2	6842	11073
32.3	102	15843
32.4	102	11558
32.5	54	11741
32.6	48	11628
32.7	6848	11073
32.8	6848	15197
32.9	738	11063
33	48	13081
33.1	92	11816
33.2	102	11073
33.3	102	13119
33.4	59	11736
33.5	48	11047
33.6	97	11649
33.7	102	15935
33.8	102	11063
33.9	54	11079
34	183	11203
34.1	743	11617
34.2	743	15822
34.3	743	13087
34.4	48	11746
34.5	743	11623
34.6	743	11181
34.7	743	11073
34.8	54	11639
34.9	48	12134
35	5647	11073
35.1	5432	11073
35.2	743	12484
35.3	54	11741
35.4	48	11660
35.5	5647	11009
35.6	5491	16683
35.7	70	11068
35.8	48	11165
35.9	43	12231
36	5432	11014
36.1	7569	11073
36.2	54	11030
36.3	48	11122
36.4	5647	11057
36.5	5432	11073
36.6	6804	12484
36.7	54	11644
36.8	48	11531
36.9	5647	11073
37	6815	11073
37.1	6799	12484
37.2	48	11117
37.3	48	11160
37.4	5647	11073
37.5	824	11003
37.6	59	11639
37.7	48	11660
37.8	738	11628
37.9	738	16591
38	738	11020
38.1	54	11181
38.2	48	10998
38.3	738	11617
38.4	92	16532
38.5	92	11079
38.6	54	11111
38.7	48	14449
38.8	102	11073
38.9	102	11003
39	102	11553
39.1	48	11106
39.2	3542	11623
39.3	92	12468
39.4	92	11800
39.5	54	11633
39.6	48	11068
39.7	6842	11073
39.8	102	16478
39.9	102	11558
40	54	12419
40.1	48	11628
40.2	6848	11047
40.3	6848	15956
40.4	65	11192
40.5	48	11779
40.6	743	11779
40.7	829	11073
40.8	102	13114
40.9	59	10998
41	48	11165
41.1	97	11020
41.2	102	15972
41.3	102	11063
41.4	54	11531
41.5	92	13119
41.6	743	11009
41.7	743	16554
41.8	743	13087
41.9	48	11746
42	743	11623
42.1	743	11181
42.2	743	16559
42.3	54	11639
42.4	48	12134
42.5	5647	11073
42.6	5432	11073
42.7	743	12484
42.8	54	11003
42.9	48	11660
43	5647	11009
43.1	5491	15935
43.2	75	11068
43.3	48	11047
43.4	2196	11203
43.5	2326	11079
43.6	1163	11003
43.7	54	10998
43.8	48	11122
43.9	5647	11079
44	5432	11073
44.1	1163	13119
44.2	54	11073
44.3	48	11192
44.4	2196	11068
44.5	6815	11073
44.6	549	11052
44.7	48	11117
44.8	48	11160
44.9	5647	11073
45	1163	11073
45.1	59	11003
45.2	48	11068
45.3	738	11628
45.4	738	10998
45.5	738	11047
45.6	54	11073
45.7	48	10998
45.8	738	11617
45.9	92	15924
46	92	11079
46.1	54	11111
46.2	48	15746
46.3	102	11073
46.4	102	11068
46.5	59	11003
46.6	48	11106
46.7	3542	13044
46.8	834	11003
46.9	92	11047
47	54	11639
47.1	48	11068
47.2	6848	11068
47.3	102	15843
47.4	102	11558
47.5	54	11122
47.6	48	11628
47.7	6848	11009
47.8	6848	11666
47.9	743	11014
48	48	11698
48.1	92	11117
48.2	102	11073
48.3	102	13114
48.4	59	13087
48.5	48	11079
48.6	97	11079
48.7	102	11009
48.8	102	11063
48.9	54	11531
49	183	11569
49.1	743	11014
49.2	743	16538
49.3	743	11079
49.4	48	11746
49.5	743	11623
49.6	743	16688
49.7	743	11117
49.8	54	11639
49.9	48	11644
50	5647	11073
50.1	5432	11073
50.2	743	11052
50.3	54	11003
50.4	48	11660
50.5	5647	11009
50.6	5491	16602
50.7	75	11186
50.8	48	11057
50.9	43	12231
51	5647	11014
51.1	7569	11003
51.2	54	11030
51.3	48	11122
51.4	5647	11068
51.5	5647	11073
51.6	6804	12339
51.7	54	11073
51.8	1470	11009
51.9	2202	11073
52	6815	11073
52.1	2929	11052
52.2	48	11117
52.3	2929	11160
52.4	1470	11073
52.5	1464	11073
52.6	59	11068
52.7	48	11068
52.8	738	13071
52.9	738	15778
53	738	11235
53.1	54	13087
53.2	48	11084
53.3	738	12365
53.4	183	16640
53.5	92	11079
53.6	54	10998
53.7	48	15746
53.8	102	11073
53.9	102	11068
54	102	11003
54.1	48	11106
54.2	3542	13022
54.3	834	12468
54.4	92	11003
54.5	54	11073
54.6	48	12134
54.7	6842	11073
54.8	102	16408
54.9	102	13098
55	54	11746
55.1	48	11628
55.2	6848	11073
55.3	6848	11666
55.4	738	11014
55.5	48	11079
55.6	743	11063
55.7	829	11073
55.8	102	12489
55.9	48	11003
56	48	12285
56.1	97	11068
56.2	102	15843
56.3	102	11063
56.4	54	11079
56.5	183	12409
56.6	743	11014
56.7	743	15918
56.8	743	13087
56.9	48	11746
57	743	11623
57.1	743	11009
57.2	743	11666
57.3	54	11073
57.4	48	12134
57.5	5647	11063
57.6	5432	11073
57.7	743	12484
57.8	54	11003
57.9	48	11660
58	5647	11009
58.1	5491	15935
58.2	75	11068
58.3	48	11165
58.4	43	12231
58.5	5432	11057
58.6	6810	11073
58.7	54	11030
58.8	48	11122
58.9	5647	11068
59	5432	11073
59.1	6804	13119
59.2	54	11073
59.3	48	11531
59.4	2196	11073
59.5	1367	11073
59.6	549	12484
59.7	48	11117
59.8	48	11160
59.9	5582	11073
60	549	11073
60.1	280	10998
60.2	280	11660
60.3	92	11003
60.4	275	11079
60.5	2536	11100
60.6	624	11073
60.7	738	11100
60.8	624	11100
60.9	92	11100
61	92	11100
61.1	738	11100
61.2	738	11100
61.3	280	11100
61.4	92	11068
61.5	92	11003
61.6	554	11100
61.7	183	11203
61.8	624	11100
61.9	619	11095
62	275	11014
62.1	92	11165
62.2	92	11009
62.3	275	11111
62.4	829	11014
62.5	738	11073
62.6	738	11025
62.7	275	11073
62.8	280	11736
62.9	92	11068
63	738	11165
63.1	738	11536
63.2	280	11073
63.3	92	13119
63.4	554	11186
63.5	554	11660
63.6	183	11009
63.7	743	11100
63.8	829	11100
63.9	231	11531
64	237	11100
64.1	237	11181
64.2	619	11100
64.3	738	11003
64.4	743	11100
64.5	738	11100
64.6	231	11100
64.7	231	11100
64.8	738	11100
64.9	619	11100
65	743	11084
65.1	237	11100
65.2	194	11068
65.3	468	11095
65.4	156	11095
65.5	151	11014
65.6	1459	11100
65.7	1459	10998
65.8	619	11073
65.9	624	11106
66	231	12575
66.1	231	11003
66.2	474	11068
66.3	468	11122
66.4	151	11057
66.5	231	11073
66.6	194	13119
66.7	468	11160
66.8	156	11003
66.9	151	11073
67	237	11073
67.1	194	11660
67.2	468	11666
67.3	156	11660
67.4	237	11073
67.5	237	11073
67.6	194	11003
67.7	124	11660
67.8	124	11208
67.9	188	11079
68	183	11100
68.1	97	11100
68.2	124	11100
68.3	124	11100
68.4	183	11100
68.5	183	11100
68.6	140	11100
68.7	140	11100
68.8	210	11073
68.9	210	11003
69	102	11100
69.1	140	11095
69.2	140	11030
69.3	210	11106
69.4	210	11100
69.5	738	11531
69.6	145	11100
69.7	145	11009
69.8	468	11170
69.9	156	11057
70	495	11703
70.1	167	11030
70.2	528	11014
70.3	528	11725
70.4	554	11003
70.5	554	11106
70.6	183	11520
70.7	280	11073
70.8	92	13119
70.9	560	11014
71	463	11660
71.1	183	11009
71.2	275	11693
71.3	92	11052
71.4	2186	11531
71.5	140	11165
71.6	129	11073
71.7	818	11213
71.8	818	11003
71.9	415	11213
72	1109	11213
72.1	818	11213
72.2	140	11213
72.3	129	11213
72.4	619	11213
72.5	415	11063
72.6	818	11073
72.7	6804	12489
72.8	818	11213
72.9	415	11660
73	415	11073
73.1	818	11213
73.2	818	11063
73.3	549	11073
73.4	2196	11030
73.5	2326	11073
73.6	210	10998
73.7	818	11639
73.8	549	11176
73.9	415	11063
74	102	11073
74.1	102	13119
74.2	1168	11671
74.3	2196	10998
74.4	2196	11073
74.5	140	11073
74.6	135	11052
74.7	102	11649
74.8	102	11660
74.9	824	11073
75	140	11073
75.1	129	10998
75.2	237	11666
75.3	194	11192
75.4	1459	11100
75.5	743	11100
75.6	738	11100
75.7	738	11100
75.8	738	11100
75.9	231	11100
76	194	11100
76.1	738	11100
76.2	738	11100
76.3	743	11100
76.4	743	11068
76.5	743	11100
76.6	468	11100
76.7	156	11100
76.8	743	11095
76.9	738	11100
77	738	11639
77.1	743	11122
77.2	743	11009
77.3	468	11014
77.4	156	11649
77.5	738	14411
77.6	743	13313
77.7	738	11639
77.8	743	11009
77.9	743	11547
78	231	13221
78.1	194	11106
78.2	183	11073
78.3	1276	12489
78.4	468	10998
78.5	156	11655
78.6	156	11003
78.7	231	11703
78.8	194	11036
78.9	275	12392
79	92	14513
79.1	92	11741
79.2	188	12376
79.3	183	13162
79.4	183	11736
79.5	700	10998
79.6	183	12478
79.7	102	11090
79.8	102	11014
79.9	694	12409
80	700	11730
80.1	140	11073
80.2	140	11655
80.3	183	12322
80.4	700	14556
80.5	705	11617
80.6	517	11025
80.7	97	13071
80.8	183	15159
80.9	183	12995
81	581	11100
81.1	581	11558
81.2	560	12333
81.3	183	15924
81.4	188	11633
81.5	468	11073
81.6	156	13114
81.7	1470	12409
81.8	1470	13162
81.9	2202	12387
82	140	11176
82.1	135	12349
82.2	468	11095
82.3	156	12414
82.4	554	13022
82.5	1464	11068
82.6	129	11084
82.7	3451	11117
82.8	102	11127
82.9	3478	11047
83	3515	13087
83.1	3515	11084
83.2	1109	11623
83.3	743	11746
83.4	280	11709
83.5	92	13744
83.6	4086	11100
83.7	4124	11719
83.8	4194	11773
83.9	102	11569
84	102	13092
84.1	738	11009
84.2	4780	11111
84.3	280	11639
84.4	92	11763
84.5	1233	11639
84.6	1233	12414
84.7	1217	11849
84.8	1227	11090
84.9	102	11106
85	1233	11682
85.1	1233	11057
85.2	1238	11768
85.3	1244	12328
85.4	463	12317
85.5	2056	12489
85.6	92	11655
85.7	2153	11181
85.8	1233	11811
85.9	6939	11073
86	468	11111
86.1	92	11052
86.2	490	11030
86.3	501	11063
86.4	560	11030
86.5	554	11084
86.6	560	10987
86.7	560	11143
86.8	560	11073
86.9	1351	11859
87	549	11041
87.1	560	12452
87.2	560	11106
87.3	554	11041
87.4	560	11111
87.5	560	11693
87.6	560	11111
87.7	1389	11111
87.8	549	11009
87.9	560	11687
88	549	11660
88.1	554	11009
88.2	560	11639
88.3	549	11832
88.4	560	11073
88.5	1373	12398
88.6	560	11100
88.7	560	11789
88.8	549	11003
88.9	560	11117
89	549	11526
89.1	560	13141
89.2	554	11165
89.3	2196	12435
89.4	560	11063
89.5	549	13114
89.6	1351	11111
89.7	1389	11197
89.8	1367	11579
89.9	1384	11746
90	1394	11003
90.1	59	11784
90.2	48	11095
90.3	619	11698
90.4	630	11703
90.5	624	11106
90.6	54	11741
90.7	48	13189
90.8	624	10998
90.9	619	11698
91	630	12559
91.1	54	11703
91.2	48	11725
91.3	624	11073
91.4	630	11073
91.5	59	10993
91.6	48	11579
91.7	1125	11628
91.8	743	12909
91.9	738	12941
92	54	11639
92.1	48	11633
92.2	840	13049
92.3	834	11676
92.4	829	10987
92.5	54	11741
92.6	48	11623
92.7	824	11628
92.8	829	13178
92.9	829	11186
93	48	11106
93.1	834	11020
93.2	834	11073
93.3	824	13119
93.4	54	13087
93.5	48	13189
93.6	931	11176
93.7	560	12452
93.8	565	11090
93.9	54	11531
94	48	13119
94.1	630	13055
94.2	614	11100
94.3	635	11084
94.4	48	11746
94.5	630	11111
94.6	630	11073
94.7	630	11090
94.8	54	11068
94.9	48	13087
95	614	11063
95.1	619	11073
95.2	619	11063
95.3	54	13087
95.4	48	11111
95.5	630	11079
95.6	624	11165
95.7	619	11063
95.8	48	11165
95.9	624	15698
96	630	11531
96.1	614	11170
96.2	619	11881
96.3	48	11111
96.4	624	11068
96.5	630	11073
96.6	614	13114
96.7	54	11009
96.8	48	13033
96.9	614	11079
97	614	11073
97.1	624	11660
97.2	48	11746
97.3	619	11623
97.4	619	11073
97.5	619	11073
97.6	59	11003
97.7	48	11666
97.8	560	11014
97.9	560	11170
98	560	11849
98.1	54	13087
98.2	48	11623
98.3	554	11009
98.4	549	12166
98.5	560	11176
98.6	54	11746
98.7	560	14449
98.8	560	11068
98.9	549	11003
99	59	11014
99.1	48	11117
99.2	549	11025
99.3	560	11746
99.4	560	14303
99.5	54	11639
99.6	48	11757
99.7	554	11073
99.8	560	11687
99.9	554	13092
100	54	11741
100.1	48	11736
100.2	554	11003
100.3	549	14379
100.4	554	11881
100.5	48	11073
100.6	630	11003
100.7	705	11073
100.8	694	13114
100.9	54	11886
101	48	11757
101.1	694	11009
101.2	619	11666
101.3	619	11079
101.4	54	11531
101.5	48	11676
101.6	824	11073
101.7	834	11590
101.8	554	11176
101.9	48	11746
102	834	11693
102.1	824	11526
102.2	834	11623
102.3	54	11639
102.4	48	11612
102.5	834	11068
102.6	829	11073
102.7	829	11063
102.8	54	13087
102.9	48	11666
103	829	11531
103.1	834	11536
103.2	824	11068
103.3	48	11052
103.4	829	13184
103.5	1367	11009
103.6	1378	11003
103.7	54	11886
103.8	48	11752
103.9	1227	11057
104	1389	11073
104.1	1384	13119
104.2	54	11009
104.3	48	11003
104.4	1394	11073
104.5	560	11073
104.6	829	13017
104.7	48	11746
104.8	48	11698
104.9	1389	11073
105	1367	11009
105.1	59	11003
105.2	48	11666
105.3	619	13055
105.4	1464	11698
105.5	1459	11170
105.6	54	11741
105.7	48	11628
105.8	738	10998
105.9	738	11084
106	732	11073
106.1	54	12425
106.2	48	12365
106.3	721	11073
106.4	727	11073
106.5	59	13087
106.6	48	11746
106.7	732	12435
106.8	732	12435
106.9	732	10977
107	54	11009
107.1	48	12398
107.2	721	11009
107.3	738	11084
107.4	732	10987
107.5	54	11741
107.6	732	11639
107.7	738	11009
107.8	738	11111
107.9	738	10998
108	48	11703
108.1	1863	11590
108.2	1464	11073
108.3	1475	11003
108.4	54	11886
108.5	48	11660
108.6	1464	11009
108.7	738	11084
108.8	732	11073
108.9	54	11531
109	48	11671
109.1	1416	10998
109.2	1378	11800
109.3	1416	11176
109.4	48	11746
109.5	549	13647
109.6	560	11639
109.7	549	11671
109.8	54	11639
109.9	48	11509
110	544	11079
110.1	554	11073
110.2	549	12333
110.3	54	11014
110.4	48	11757
110.5	554	11531
110.6	554	11666
110.7	549	13055
110.8	48	11057
110.9	48	13130
111	931	11003
111.1	921	11003
111.2	59	13087
111.3	48	11752
111.4	538	11057
111.5	549	11073
111.6	549	13119
111.7	54	11073
111.8	48	11073
111.9	834	11073
112	824	11073
112.1	829	11644
112.2	48	11746
112.3	48	12452
112.4	743	11073
112.5	743	11003
112.6	738	11003
112.7	48	11666
112.8	824	11192
112.9	829	11073
113	834	12435
113.1	54	13087
113.2	48	11709
113.3	554	11009
113.4	549	11644
113.5	544	12457
113.6	54	11886
113.7	48	11100
113.8	560	11068
113.9	560	11073
114	59	11876
114.1	48	11117
114.2	565	11030
114.3	834	11531
114.4	619	11036
114.5	54	11073
114.6	48	11063
114.7	560	10998
114.8	560	11041
114.9	554	10966
115	54	11741
115.1	48	11628
115.2	694	11079
115.3	700	11746
115.4	65	11639
115.5	48	11703
115.6	694	11520
115.7	684	11073
115.8	694	13114
115.9	54	11068
116	48	11660
116.1	694	11009
116.2	694	11633
116.3	501	11079
116.4	54	11531
116.5	48	11585
116.6	560	11009
116.7	560	11041
116.8	554	11079
116.9	48	11746
117	560	14476
117.1	554	11073
117.2	1367	11531
117.3	54	11073
117.4	48	11666
117.5	560	11063
117.6	554	11073
117.7	565	12484
117.8	54	11014
117.9	48	11666
118	549	11009
118.1	560	12435
118.2	565	12231
118.3	48	11165
118.4	554	11773
118.5	549	13033
118.6	560	11003
118.7	59	11741
118.8	48	11752
118.9	560	11063
119	549	11073
119.1	1384	13119
119.2	54	11079
119.3	48	11009
119.4	1394	11073
119.5	554	11073
119.6	1378	11068
119.7	48	11746
119.8	48	11585
119.9	1389	11073
120	1367	11073
120.1	1394	11639
120.2	48	11660
120.3	738	12495
120.4	738	11509
120.5	738	11520
120.6	54	13087
120.7	48	11628
120.8	738	11763
120.9	92	11014
121	92	11714
121.1	54	13076
121.2	48	11106
121.3	102	11014
121.4	102	11574
121.5	102	11009
121.6	48	11746
121.7	16	11757
121.8	92	11741
121.9	92	11030
122	54	11725
122.1	48	13055
122.2	16	11020
122.3	102	11203
122.4	102	10987
122.5	54	11795
122.6	48	11628
122.7	694	11117
122.8	738	12172
122.9	732	11041
123	48	11084
123.1	92	11165
123.2	102	11020
123.3	102	11025
123.4	59	11596
123.5	48	11757
123.6	97	11617
123.7	102	11246
123.8	102	11041
123.9	54	13065
124	92	11090
124.1	743	11025
124.2	743	11084
124.3	743	13087
124.4	48	11746
124.5	743	11752
124.6	743	11122
124.7	743	11757
124.8	54	11795
124.9	48	11676
125	743	11509
125.1	743	11165
125.2	743	11079
125.3	54	11741
125.4	48	11741
125.5	16	11617
125.6	743	12269
125.7	75	11127
125.8	48	11176
125.9	22	11020
126	16	11579
126.1	16	11111
126.2	54	11068
126.3	48	11757
126.4	16	11623
126.5	16	12269
126.6	258	12274
126.7	54	11014
126.8	48	15062
126.9	16	11041
127	188	11020
127.1	188	11003
127.2	48	11746
127.3	48	11623
127.4	16	11133
127.5	16	12274
127.6	59	11063
127.7	48	11063
127.8	738	11090
127.9	738	11547
128	738	11079
128.1	54	11736
128.2	48	11628
128.3	738	11579
128.4	92	12269
128.5	92	11020
128.6	54	13076
128.7	48	11025
128.8	102	11590
128.9	102	11020
129	102	11009
129.1	48	11746
129.2	16	11579
129.3	92	11122
129.4	92	11020
129.5	54	11660
129.6	48	11030
129.7	16	11020
129.8	102	11030
129.9	102	11073
130	54	11746
130.1	48	11623
130.2	700	11117
130.3	700	12269
130.4	738	11041
130.5	48	11100
130.6	743	11020
130.7	829	11095
130.8	102	11310
130.9	59	13087
131	48	11757
131.1	97	11623
131.2	102	12269
131.3	102	11041
131.4	54	11025
131.5	183	11020
131.6	743	11025
131.7	743	11020
131.8	743	11009
131.9	48	11746
132	743	11623
132.1	743	11606
132.2	743	11757
132.3	54	11655
132.4	48	13081
132.5	743	11235
132.6	743	11111
132.7	743	11063
132.8	54	11741
132.9	48	11623
133	16	11617
133.1	2536	12269
133.2	75	11127
133.3	48	11106
133.4	22	11020
133.5	16	11100
133.6	16	11111
133.7	54	11090
133.8	48	11757
133.9	16	11623
134	16	12269
134.1	258	12274
134.2	54	11149
134.3	48	15062
134.4	16	11246
134.5	188	11090
134.6	188	11073
134.7	48	11746
134.8	48	11160
134.9	16	11095
135	2530	11014
135.1	59	11133
135.2	48	11095
135.3	738	11073
135.4	738	11553
135.5	738	11547
135.6	54	11030
135.7	48	11741
135.8	738	11617
135.9	92	12269
136	92	11020
136.1	54	13076
136.2	48	11084
136.3	102	11235
136.4	102	11084
136.5	102	11009
136.6	48	11117
136.7	16	11757
136.8	834	11030
136.9	92	11009
137	54	11725
137.1	48	13081
137.2	834	11574
137.3	102	11084
137.4	102	11095
137.5	54	11746
137.6	48	11623
137.7	738	11122
137.8	738	12274
137.9	738	11122
138	48	11246
138.1	92	11655
138.2	102	11020
138.3	102	11208
138.4	59	11752
138.5	48	11757
138.6	97	11122
138.7	102	12269
138.8	102	11041
138.9	54	11714
139	92	11682
139.1	743	13308
139.2	743	11407
139.3	743	11030
139.4	48	11746
139.5	743	11752
139.6	743	11757
139.7	743	11763
139.8	54	11041
139.9	48	11655
140	16	11736
140.1	743	11106
140.2	743	11073
140.3	54	11741
140.4	48	11623
140.5	16	11763
140.6	743	12269
140.7	75	11127
140.8	48	11106
140.9	22	11020
141	16	11579
141.1	16	11111
141.2	54	11030
141.3	48	11628
141.4	16	11623
141.5	16	12269
141.6	258	12274
141.7	54	11800
141.8	48	15062
141.9	16	11041
142	188	11020
142.1	188	11003
142.2	48	11746
142.3	48	10998
142.4	16	11095
142.5	16	11079
142.6	59	11084
142.7	48	11009
142.8	738	11143
142.9	738	11009
143	738	11090
143.1	54	13022
143.2	48	11628
143.3	738	11579
143.4	92	12269
143.5	92	11714
143.6	54	13076
143.7	48	11106
143.8	102	11240
143.9	102	13770
144	102	11009
144.1	48	11003
144.2	16	11757
144.3	834	11122
144.4	92	11025
144.5	54	11003
144.6	48	13098
144.7	1669	11030
144.8	102	11644
144.9	102	11079
145	54	11122
145.1	48	11757
145.2	738	11122
145.3	738	12269
145.4	700	11041
145.5	48	13087
145.6	743	11859
145.7	829	11160
145.8	102	11014
145.9	59	11752
146	48	11757
146.1	97	11617
146.2	102	11246
146.3	102	11041
146.4	54	11095
146.5	92	11230
146.6	743	11165
146.7	743	11025
146.8	743	11036
146.9	48	11746
147	743	11752
147.1	743	11757
147.2	743	11127
147.3	54	11698
147.4	48	11655
147.5	16	11316
147.6	743	11160
147.7	743	11079
147.8	54	11741
147.9	48	11757
148	16	11617
148.1	2536	11757
148.2	75	11127
148.3	48	11106
148.4	22	11020
148.5	16	11579
148.6	16	11117
148.7	54	13087
148.8	48	11757
148.9	16	11623
149	16	12269
149.1	258	12269
149.2	54	11149
149.3	48	15062
149.4	16	11106
149.5	188	11100
149.6	188	13087
149.7	48	11746
149.8	48	11623
149.9	16	11095
150	2530	12274
150.1	59	11186
150.2	48	11111
150.3	738	11057
150.4	738	16591
150.5	738	11100
150.6	54	11073
150.7	48	11084
150.8	738	11009
150.9	92	15897
151	92	11079
151.1	54	11111
151.2	48	11127
151.3	102	11073
151.4	102	11068
151.5	102	11553
151.6	48	11020
151.7	3542	13022
151.8	92	11068
151.9	92	11003
152	54	11073
152.1	48	11633
152.2	6842	11073
152.3	102	16554
152.4	102	11789
152.5	54	11741
152.6	48	11628
152.7	6848	11009
152.8	6848	11084
152.9	738	11014
153	48	11009
153.1	92	11117
153.2	102	11073
153.3	102	11003
153.4	829	11736
153.5	48	11047
153.6	97	11623
153.7	102	15929
153.8	102	11063
153.9	54	11079
154	183	11063
154.1	743	11073
154.2	743	15892
154.3	743	11176
154.4	48	11746
154.5	743	11009
154.6	5652	11009
154.7	743	16527
154.8	54	11073
154.9	48	11596
155	5647	11073
155.1	5432	11073
155.2	743	12489
155.3	54	11741
155.4	48	11660
155.5	5647	11009
155.6	5491	15935
155.7	75	11068
155.8	48	11165
155.9	43	12231
156	5432	11014
156.1	7569	11073
156.2	54	11068
156.3	48	11122
156.4	5647	11068
156.5	5647	11073
156.6	6804	13119
156.7	54	11073
156.8	48	11009
156.9	5647	11073
157	6815	11073
157.1	6799	11660
157.2	48	11117
157.3	48	11160
157.4	5426	11073
157.5	824	13119
157.6	59	11639
157.7	48	13108
157.8	738	11628
157.9	738	16559
158	738	11052
158.1	54	11073
158.2	48	11100
158.3	738	11623
158.4	92	15935
158.5	92	11079
158.6	54	11133
158.7	48	15735
158.8	102	11073
158.9	102	11068
159	102	11003
159.1	48	11106
159.2	3542	11030
159.3	188	11741
159.4	92	11003
159.5	54	11639
159.6	48	11030
159.7	6842	12462
159.8	102	11009
159.9	102	12538
160	54	11122
160.1	48	11628
160.2	6848	11073
160.3	6848	11666
160.4	65	11644
160.5	48	11047
160.6	743	12328
160.7	829	11073
160.8	102	11003
160.9	48	10998
161	48	11154
161.1	97	11838
161.2	102	15945
161.3	102	11106
161.4	54	11009
161.5	92	10998
161.6	743	11079
161.7	743	16473
161.8	743	13087
161.9	48	11746
162	743	11623
162.1	5647	16564
162.2	743	11073
162.3	54	11639
162.4	48	11596
162.5	5647	11073
162.6	6815	11073
162.7	743	12489
162.8	54	11003
162.9	48	11660
163	5647	11009
163.1	5491	15935
163.2	75	11068
163.3	48	11170
163.4	2196	12134
163.5	2326	11009
163.6	1163	11003
163.7	54	11030
163.8	48	12462
163.9	5647	11068
164	5432	11073
164.1	1163	13119
164.2	54	11644
164.3	48	11003
164.4	2196	11073
164.5	6815	11073
164.6	549	12484
164.7	48	11117
164.8	48	11160
164.9	5582	11073
165	1163	13119
165.1	59	11068
165.2	48	11660
165.3	738	11628
165.4	738	16532
165.5	738	11090
165.6	54	13022
165.7	48	10998
165.8	738	11644
165.9	92	15918
166	92	11079
166.1	54	11111
166.2	48	11127
166.3	102	11073
166.4	102	11068
166.5	102	11003
166.6	48	11143
166.7	3542	11030
166.8	834	11703
166.9	92	12430
167	54	11079
167.1	48	11047
167.2	6842	11073
167.3	102	15843
167.4	102	11073
167.5	54	11746
167.6	48	11623
167.7	6848	11073
167.8	6848	11666
167.9	743	11063
168	48	11730
168.1	92	11117
168.2	102	11073
168.3	102	13119
168.4	59	11736
168.5	48	11806
168.6	97	13071
168.7	102	11009
168.8	102	11063
168.9	54	11079
169	183	11084
169.1	743	11014
169.2	743	16532
169.3	743	11176
169.4	48	11746
169.5	743	11623
169.6	5647	11849
169.7	743	17253
169.8	54	11068
169.9	48	12134
170	5647	11063
170.1	5432	11073
170.2	743	12484
170.3	54	11741
170.4	48	11660
170.5	5647	11009
170.6	5491	16564
170.7	75	11068
170.8	48	11165
170.9	43	11617
171	5647	11014
171.1	7569	11073
171.2	54	11068
171.3	48	11122
171.4	5647	11068
171.5	5647	11073
171.6	6804	12489
171.7	54	11639
171.8	1470	11079
171.9	2202	11073
172	6815	11003
172.1	2929	11660
172.2	48	11117
172.3	2929	11160
172.4	1470	11073
172.5	1464	11003
172.6	1470	11644
172.7	48	11122
172.8	738	11057
172.9	738	15935
173	738	11822
173.1	54	13087
173.2	48	10998
173.3	738	11127
173.4	183	16532
173.5	92	11079
173.6	54	11111
173.7	48	15310
173.8	102	11073
173.9	102	11068
174	102	11003
174.1	48	11143
174.2	4802	11020
174.3	834	12468
174.4	92	11003
174.5	54	11073
174.6	48	11036
174.7	6842	12462
174.8	102	16548
174.9	102	13098
175	54	11741
175.1	48	11628
175.2	6848	11014
175.3	6848	11084
175.4	738	11197
175.5	48	11014
175.6	743	12231
175.7	829	11073
175.8	102	13114
175.9	59	10998
176	48	11047
176.1	97	11649
176.2	102	11009
176.3	102	11063
176.4	54	11009
176.5	92	11063
176.6	743	11009
176.7	743	15935
176.8	743	13087
176.9	48	11746
177	743	11623
177.1	5647	11009
177.2	743	11757
177.3	54	11644
177.4	48	12134
177.5	5647	11063
177.6	5432	11073
177.7	743	12489
177.8	54	11003
177.9	48	11660
178	5647	11009
178.1	5491	15935
178.2	75	11068
178.3	48	11165
178.4	43	12231
178.5	5432	11014
178.6	6810	11009
178.7	54	11030
178.8	48	11122
178.9	5647	11068
179	5647	11073
179.1	6804	12489
179.2	54	11644
179.3	48	10993
179.4	2196	11073
179.5	1367	11073
179.6	549	12484
179.7	48	11117
179.8	48	11628
179.9	5647	11073
180	549	11003
180.1	280	11084
180.2	280	11047
180.3	92	11003
180.4	275	11073
180.5	2536	11100
180.6	624	11100
180.7	738	11100
180.8	624	11100
180.9	92	11100
181	92	11100
181.1	624	11100
181.2	738	11100
181.3	280	11073
181.4	92	11073
181.5	92	11100
181.6	554	11100
181.7	183	13060
181.8	624	11095
181.9	619	11095
182	280	11014
182.1	92	11154
182.2	92	11009
182.3	275	11111
182.4	829	11014
182.5	738	11536
182.6	738	11025
182.7	275	11073
182.8	280	11047
182.9	92	11014
183	743	11165
183.1	738	11536
183.2	280	11073
183.3	92	11003
183.4	554	11014
183.5	554	11660
183.6	183	11003
183.7	743	11170
183.8	829	11100
183.9	231	11079
184	237	11100
184.1	248	11009
184.2	619	11100
184.3	738	11531
184.4	738	11100
184.5	738	11100
184.6	231	11100
184.7	231	11100
184.8	738	11100
184.9	619	11100
185	743	11084
185.1	237	11100
185.2	194	13119
185.3	468	11095
185.4	156	11660
185.5	151	11073
185.6	1459	11100
185.7	1459	11063
185.8	619	11170
185.9	624	11655
186	231	11003
186.1	231	11003
186.2	474	11639
186.3	468	11170
186.4	151	11057
186.5	231	11073
186.6	194	13119
186.7	468	11073
186.8	156	11531
186.9	151	11073
187	237	11073
187.1	194	11052
187.2	468	11666
187.3	156	11660
187.4	237	11073
187.5	237	11003
187.6	624	11003
187.7	188	11660
187.8	124	13049
187.9	183	11079
188	183	11100
188.1	118	11100
188.2	124	11100
188.3	183	11003
188.4	183	11100
188.5	183	11100
188.6	140	11100
188.7	140	11100
188.8	210	11073
188.9	102	11003
189	102	11100
189.1	140	11095
189.2	140	11030
189.3	210	11106
189.4	210	11100
189.5	738	11531
189.6	145	11100
189.7	145	11079
189.8	468	11170
189.9	156	11068
190	495	11536
190.1	167	11030
190.2	528	11073
190.3	528	11036
190.4	554	11003
190.5	554	11073
190.6	183	11531
190.7	280	11073
190.8	92	11068
190.9	560	11014
191	188	11660
191.1	183	11009
191.2	92	11095
191.3	92	11052
191.4	2186	11531
191.5	140	11106
191.6	129	11639
191.7	818	11213
191.8	818	11009
191.9	415	11213
192	1109	11213
192.1	818	11213
192.2	140	11213
192.3	129	11213
192.4	415	11213
192.5	415	11063
192.6	818	11073
192.7	6804	12489
192.8	415	11213
192.9	415	11213
193	415	11181
193.1	818	11213
193.2	818	11063
193.3	549	11073
193.4	2196	11100
193.5	2326	11181
193.6	210	11531
193.7	818	11009
193.8	549	11176
193.9	415	11063
194	102	11073
194.1	210	12484
194.2	1168	11009
194.3	2196	11192
194.4	2196	11068
194.5	140	11073
194.6	135	11052
194.7	102	11649
194.8	102	11660
194.9	824	11073
195	140	11003
195.1	129	10998
195.2	237	11666
195.3	194	12570
195.4	1459	11100
195.5	743	11100
195.6	738	11100
195.7	738	11100
195.8	738	11100
195.9	231	11100
196	194	11100
196.1	738	11100
196.2	738	11100
196.3	743	11100
196.4	743	11073
196.5	743	11100
196.6	468	11100
196.7	156	13038
196.8	743	11095
196.9	738	11203
197	738	11068
197.1	743	11730
197.2	743	11079
197.3	468	13130
197.4	156	11025
197.5	738	11698
197.6	743	13695
197.7	738	11003
197.8	743	11606
197.9	743	11014
198	231	11838
198.1	194	11509
198.2	1233	11073
198.3	1276	11003
198.4	468	11047
198.5	156	13087
198.6	156	13049
198.7	231	15165
198.8	194	10998
198.9	275	12430
199	92	11779
199.1	92	11693
199.2	188	13814
199.3	188	11741
199.4	183	15089
199.5	1480	12446
199.6	183	11666
199.7	102	11671
199.8	102	12414
199.9	694	13114
200	700	11047
200.1	140	11079
200.2	140	13114
200.3	183	10998
200.4	700	13119
200.5	705	11014
200.6	517	11698
200.7	102	13076
200.8	183	11725
200.9	183	11601
201	581	12419
201.1	581	15235
201.2	560	14530
201.3	183	11816
201.4	188	13049
201.5	468	11671
201.6	156	11063
201.7	1470	13744
201.8	1470	13092
201.9	2196	11079
202	140	12398
202.1	140	11090
202.2	468	11768
202.3	156	11763
202.4	554	11649
202.5	1464	11030
202.6	129	14400
202.7	258	11660
202.8	102	12457
202.9	3510	11090
203	3601	11047
203.1	3472	13157
203.2	1109	12290
203.3	183	11617
203.4	280	11030
203.5	92	11106
203.6	4145	13081
203.7	4258	11014
203.8	4242	13189
203.9	102	11757
204	102	11052
204.1	4705	11558
204.2	4710	11843
204.3	280	13792
204.4	92	11682
204.5	5012	12333
204.6	1233	11730
204.7	1217	13130
204.8	1227	14503
204.9	102	11763
205	1233	11176
205.1	474	11795
205.2	1238	11601
205.3	1244	11757
205.4	1227	12301
205.5	2056	11036
205.6	92	11014
205.7	2153	11079
205.8	1233	11047
205.9	1244	13028
206	280	11703
206.1	468	11100
206.2	501	11041
206.3	102	11100
206.4	554	11585
206.5	92	11655
206.6	560	11127
206.7	560	11068
206.8	1367	11719
206.9	549	11117
207	560	11073
207.1	1384	10998
207.2	554	13200
207.3	560	11655
207.4	549	11165
207.5	560	11041
207.6	1389	11709
207.7	560	11117
207.8	560	11068
207.9	560	12457
208	549	11084
208.1	560	11084
208.2	549	11036
208.3	560	11757
208.4	554	11063
208.5	549	11090
208.6	560	11047
208.7	560	11117
208.8	549	13055
208.9	560	11693
209	560	11009
209.1	554	11009
209.2	549	11763
209.3	2196	11596
209.4	1362	11127
209.5	1378	11671
209.6	7477	11763
209.7	1389	11068
209.8	7477	11779
209.9	7386	11100
210	1394	11068
210.1	59	11100
210.2	48	12500
210.3	738	11666
210.4	743	13749
210.5	630	11660
210.6	54	13087
210.7	48	13184
210.8	1470	11579
210.9	614	12355
211	630	11025
211.1	54	11644
211.2	630	11084
211.3	630	11068
211.4	1475	13184
211.5	59	11558
211.6	48	11746
211.7	1109	11660
211.8	738	12920
211.9	738	12936
212	54	11752
212.1	48	11623
212.2	834	11095
212.3	834	11741
212.4	829	11596
212.5	54	11746
212.6	48	11617
212.7	829	13178
212.8	834	13184
212.9	834	12478
213	48	13087
213.1	834	11671
213.2	824	11052
213.3	834	12958
213.4	54	11752
213.5	48	13189
213.6	1470	11649
213.7	560	11100
213.8	560	11542
213.9	54	11601
214	48	11020
214.1	630	11628
214.2	619	11117
214.3	619	13087
214.4	48	11746
214.5	630	11079
214.6	624	11111
214.7	624	11090
214.8	54	11068
214.9	48	11025
215	619	11117
215.1	619	11036
215.2	614	11057
215.3	54	11741
215.4	48	11106
215.5	624	11095
215.6	630	11165
215.7	630	11003
215.8	48	11095
215.9	614	11100
216	630	11687
216.1	630	11682
216.2	59	13087
216.3	48	11122
216.4	619	11752
216.5	614	11752
216.6	624	11682
216.7	54	11789
216.8	48	13038
216.9	619	11520
217	619	11719
217.1	619	11073
217.2	48	11553
217.3	614	11623
217.4	619	11122
217.5	619	11682
217.6	59	11063
217.7	48	11655
217.8	560	11709
217.9	560	11644
218	549	11655
218.1	54	11073
218.2	48	11800
218.3	560	12285
218.4	560	14395
218.5	560	11084
218.6	54	11025
218.7	560	11709
218.8	560	11843
218.9	560	11725
219	560	11100
219.1	48	11606
219.2	560	11154
219.3	554	14352
219.4	560	14320
219.5	54	11095
219.6	48	11838
219.7	1480	11816
219.8	554	11644
219.9	565	11090
220	54	11741
220.1	495	13733
220.2	565	11020
220.3	560	11843
220.4	571	11036
220.5	48	11186
220.6	624	11073
220.7	694	11736
220.8	705	11768
220.9	54	11073
221	48	11757
221.1	694	11047
221.2	619	11725
221.3	619	11057
221.4	54	12285
221.5	48	13098
221.6	834	11073
221.7	829	12339
221.8	829	12462
221.9	48	11746
222	549	11095
222.1	829	12532
222.2	834	11628
222.3	54	11601
222.4	48	11133
222.5	824	11030
222.6	829	11671
222.7	834	11079
222.8	54	13087
222.9	48	11757
223	834	11041
223.1	824	12430
223.2	818	11063
223.3	48	11596
223.4	829	13744
223.5	1174	11084
223.6	1174	12333
223.7	54	11687
223.8	48	11574
223.9	1389	12468
224	1410	11649
224.1	1174	11746
224.2	54	11741
224.3	48	11644
224.4	1389	11084
224.5	824	11090
224.6	834	11725
224.7	48	11746
224.8	1244	13065
224.9	1174	11746
225	1174	11746
225.1	59	11773
225.2	48	11014
225.3	1497	10987
225.4	1459	11569
225.5	1475	11047
225.6	54	12414
225.7	48	11127
225.8	738	11111
225.9	738	11100
226	732	11030
226.1	54	11047
226.2	1480	12387
226.3	721	11009
226.4	727	11014
226.5	59	11009
226.6	48	11111
226.7	732	11073
226.8	732	12419
226.9	732	11079
227	54	11633
227.1	48	11095
227.2	721	12349
227.3	738	11090
227.4	732	12462
227.5	54	11741
227.6	732	11127
227.7	738	11090
227.8	738	12441
227.9	732	11100
228	48	12516
228.1	748	11719
228.2	1475	11822
228.3	732	11106
228.4	54	11736
228.5	48	11757
228.6	1459	11117
228.7	738	11063
228.8	732	10982
228.9	54	11106
229	48	11154
229.1	1378	11784
229.2	1378	11849
229.3	75	12462
229.4	48	11746
229.5	549	11100
229.6	549	11547
229.7	1400	13028
229.8	54	11709
229.9	48	11009
230	743	11100
230.1	1416	11143
230.2	560	11095
230.3	54	11746
230.4	48	11730
230.5	1405	11176
230.6	549	11655
230.7	549	11009
230.8	48	11073
230.9	748	11117
231	1486	11095
231.1	1480	11095
231.2	54	11095
231.3	48	11752
231.4	549	11709
231.5	1109	11117
231.6	549	11644
231.7	54	11047
231.8	48	12312
231.9	829	11170
232	829	10987
232.1	834	13081
232.2	1480	11746
232.3	1480	13733
232.4	748	11079
232.5	738	11106
232.6	59	11117
232.7	48	11095
232.8	829	11165
232.9	1244	11160
233	1244	11203
233.1	54	11736
233.2	48	12452
233.3	549	12295
233.4	560	11773
233.5	554	11752
233.6	54	11633
233.7	544	11170
233.8	560	11041
233.9	1378	11203
234	554	11025
234.1	48	11003
234.2	544	11666
234.3	624	11133
234.4	619	11095
234.5	54	13028
234.6	48	11095
234.7	549	11639
234.8	560	11149
234.9	565	11714
235	54	11746
235.1	48	11655
235.2	694	11752
235.3	700	11746
235.4	684	11009
235.5	48	11020
235.6	1453	11041
235.7	420	11730
235.8	694	11752
235.9	54	11886
236	48	11773
236.1	694	10998
236.2	694	11741
236.3	694	11746
236.4	54	11143
236.5	48	11068
236.6	1389	11057
236.7	554	11020
236.8	549	11084
236.9	48	11746
237	554	11671
237.1	1384	11553
237.2	560	11660
237.3	54	11768
237.4	48	11100
237.5	560	11068
237.6	549	11047
237.7	560	11095
237.8	54	11579
237.9	48	11176
238	560	11660
238.1	549	11095
238.2	1389	11649
238.3	48	11084
238.4	560	11084
238.5	1384	13033
238.6	554	11063
238.7	54	11736
238.8	48	11752
238.9	549	11666
239	1389	12462
239.1	560	11100
239.2	54	11170
239.3	48	11030
239.4	1373	11160
239.5	1384	12473
239.6	1384	11009
239.7	48	11746
239.8	1384	11585
239.9	1373	12419
240	1384	12457
240.1	1389	11639
240.2	48	11655
240.3	92	11025
240.4	614	11090
240.5	738	11644
240.6	54	13087
240.7	48	13189
240.8	630	11186
240.9	630	12355
241	624	11639
241.1	54	11703
241.2	48	11073
241.3	619	11073
241.4	1475	11003
241.5	624	12279
241.6	48	11703
241.7	183	11579
241.8	743	12909
241.9	748	12941
242	54	11639
242.1	48	11832
242.2	829	13060
242.3	834	11741
242.4	824	10998
242.5	54	12419
242.6	48	11660
242.7	840	11073
242.8	834	13178
242.9	70	11633
243	48	11106
243.1	834	13081
243.2	824	11073
243.3	834	13114
243.4	54	10998
243.5	48	13189
243.6	1470	11628
243.7	554	11633
243.8	549	11100
243.9	54	11531
244	624	13119
244.1	624	13055
244.2	624	11111
244.3	619	13087
244.4	48	11746
244.5	624	11111
244.6	614	11073
244.7	614	11090
244.8	54	11639
244.9	48	13076
245	624	11063
245.1	630	11073
245.2	630	11666
245.3	54	11003
245.4	48	11079
245.5	614	11079
245.6	619	11165
245.7	624	11063
245.8	48	11165
245.9	630	11079
246	630	11181
246.1	624	10998
246.2	619	13087
246.3	48	11122
246.4	619	11057
246.5	630	11073
246.6	630	12339
246.7	54	13060
246.8	48	11671
246.9	619	11073
247	614	11073
247.1	608	11644
247.2	48	12425
247.3	614	11623
247.4	619	11073
247.5	619	13119
247.6	619	13076
247.7	48	11014
247.8	565	11014
247.9	560	11649
248	560	11655
248.1	54	13087
248.2	48	11655
248.3	549	11181
248.4	560	12387
248.5	554	11186
248.6	48	11079
248.7	549	11763
248.8	554	11073
248.9	549	11073
249	554	10998
249.1	48	11117
249.2	560	11628
249.3	554	11515
249.4	565	11676
249.5	54	11073
249.6	48	11789
249.7	474	11068
249.8	544	11644
249.9	549	11068
250	54	11795
250.1	48	13733
250.2	560	11003
250.3	560	11838
250.4	554	11014
250.5	48	11714
250.6	630	11655
250.7	705	11073
250.8	700	13119
250.9	54	11186
251	48	11757
251.1	694	10993
251.2	619	11676
251.3	619	11068
251.4	54	11531
251.5	48	12425
251.6	829	11165
251.7	834	11639
251.8	824	12274
251.9	48	11746
252	834	11574
252.1	824	11526
252.2	834	11628
252.3	54	11073
252.4	48	11719
252.5	834	11068
252.6	840	11079
252.7	834	11666
252.8	54	11003
252.9	48	11666
253	834	11531
253.1	829	11090
253.2	829	11181
253.3	48	11176
253.4	829	11165
253.5	1174	11073
253.6	1174	11073
253.7	59	11736
253.8	48	11757
253.9	1389	11052
254	210	11073
254.1	1174	13119
254.2	54	11014
254.3	48	11009
254.4	1389	11073
254.5	824	11073
254.6	1453	11660
254.7	48	11746
254.8	102	12425
254.9	1174	11073
255	1174	11073
255.1	1227	11639
255.2	48	11047
255.3	1475	11084
255.4	1459	11079
255.5	619	11111
255.6	54	11003
255.7	48	11127
255.8	738	11079
255.9	738	11100
256	732	13098
256.1	54	11149
256.2	1480	11047
256.3	721	11073
256.4	727	11003
256.5	738	13087
256.6	48	11111
256.7	732	11579
256.8	732	11822
256.9	732	11084
257	54	11068
257.1	48	10987
257.2	721	11009
257.3	2180	11090
257.4	732	11079
257.5	54	12419
257.6	732	11160
257.7	738	13060
257.8	738	11090
257.9	738	11186
258	48	11106
258.1	194	11590
258.2	1244	11073
258.3	738	11003
258.4	54	11073
258.5	48	11822
258.6	1453	11009
258.7	738	11084
258.8	732	11095
258.9	54	11633
259	54	11714
259.1	1416	11009
259.2	560	11789
259.3	1416	11079
259.4	48	11746
259.5	549	11090
259.6	1416	11009
259.7	1400	11676
259.8	54	11639
259.9	48	11531
260	743	11068
260.1	560	11073
260.2	549	11063
260.3	54	12279
260.4	48	11746
260.5	732	12586
260.6	554	11676
260.7	549	10998
260.8	48	11052
260.9	738	11660
261	700	11068
261.1	1480	11633
261.2	560	11003
261.3	48	11703
261.4	188	11057
261.5	468	11073
261.6	156	13119
261.7	528	11623
261.8	48	11671
261.9	834	11073
262	840	11073
262.1	818	11660
262.2	48	11746
262.3	1480	11741
262.4	743	11644
262.5	738	13119
262.6	732	11639
262.7	48	12295
262.8	824	11203
262.9	1244	11079
263	1244	11197
263.1	54	11073
263.2	48	11822
263.3	554	11536
263.4	560	12414
263.5	554	11639
263.6	54	11111
263.7	48	11009
263.8	554	11073
263.9	549	11003
264	59	13087
264.1	48	11746
264.2	560	11041
264.3	614	11531
264.4	619	11666
264.5	54	11073
264.6	48	11047
264.7	560	10998
264.8	560	11009
264.9	560	13011
265	54	12419
265.1	689	11655
265.2	694	11003
265.3	700	11746
265.4	463	11639
265.5	48	11009
265.6	92	11009
265.7	415	11073
265.8	694	11003
265.9	54	11073
266	48	11784
266.1	694	11773
266.2	694	11117
266.3	689	11057
266.4	54	11079
266.5	554	11090
266.6	1389	11003
266.7	560	11079
266.8	565	11084
266.9	48	11746
267	560	13141
267.1	1384	11073
267.2	560	12468
267.3	54	13081
267.4	48	11644
267.5	560	11063
267.6	549	11073
267.7	1389	11063
267.8	54	11886
267.9	48	11682
268	560	11073
268.1	554	11095
268.2	560	11068
268.3	48	11138
268.4	554	11084
268.5	1384	10998
268.6	560	11003
268.7	54	11741
268.8	48	11752
268.9	554	11052
269	1389	11073
269.1	560	12339
269.2	54	11073
269.3	48	11186
269.4	1373	11073
269.5	549	11073
269.6	1367	11052
269.7	48	11746
269.8	1384	11585
269.9	1373	11073
270	1384	11003
270.1	59	11644
270.2	48	11100
270.3	619	11192
270.4	1480	11009
270.5	743	11730
270.6	54	13087
270.7	48	13189
270.8	619	10998
270.9	619	11003
271	630	10955
271.1	54	11703
271.2	738	11073
271.3	624	11073
271.4	630	11003
271.5	65	13087
271.6	48	11149
271.7	188	11628
271.8	732	12920
271.9	748	12941
272	54	11639
272.1	48	11057
272.2	840	13055
272.3	834	11639
272.4	829	11003
272.5	54	11746
272.6	48	11623
272.7	824	11531
272.8	829	13184
272.9	829	11186
273	48	11073
273.1	834	11509
273.2	834	11073
273.3	829	13119
273.4	54	13087
273.5	48	13189
273.6	1470	11143
273.7	560	11095
273.8	565	11111
273.9	54	11531
274	624	11063
274.1	630	11003
274.2	614	11100
274.3	635	11181
274.4	48	11746
274.5	630	11111
274.6	630	11073
274.7	630	11090
274.8	54	11068
274.9	48	11773
275	614	11063
275.1	619	11073
275.2	619	13114
275.3	54	13087
275.4	619	11106
275.5	630	11079
275.6	624	11165
275.7	619	11063
275.8	48	11047
275.9	624	11009
276	630	11160
276.1	614	11003
276.2	619	11886
276.3	48	12462
276.4	624	11057
276.5	630	11073
276.6	614	11068
276.7	54	13060
276.8	48	11003
276.9	614	11068
277	614	11073
277.1	624	11660
277.2	48	11886
277.3	614	11623
277.4	619	11073
277.5	619	11009
277.6	619	11186
277.7	48	11649
277.8	549	11014
277.9	560	11886
278	560	11655
278.1	54	13087
278.2	48	11655
278.3	554	11160
278.4	549	11122
278.5	560	13011
278.6	48	11736
278.7	560	11779
278.8	560	11073
278.9	560	11073
279	65	13087
279.1	48	11563
279.2	565	11025
279.3	560	11047
279.4	560	14303
279.5	54	11639
279.6	48	11687
279.7	474	11515
279.8	560	11025
279.9	554	11090
280	54	11886
280.1	48	11047
280.2	560	13081
280.3	522	11090
280.4	554	11003
280.5	48	11047
280.6	624	11655
280.7	705	11073
280.8	694	13114
280.9	54	11186
281	48	11757
281.1	694	11079
281.2	619	11106
281.3	619	11068
281.4	54	11079
281.5	48	11639
281.6	840	11531
281.7	834	11639
281.8	845	11084
281.9	48	11746
282	834	11757
282.1	824	11009
282.2	834	11084
282.3	54	11073
282.4	48	11719
282.5	834	11068
282.6	829	11079
282.7	829	13114
282.8	54	11003
282.9	48	11757
283	834	11186
283.1	834	11725
283.2	829	11057
283.3	48	11176
283.4	829	11639
283.5	1174	11181
283.6	1174	11003
283.7	59	11741
283.8	48	13022
283.9	1389	11052
284	210	11073
284.1	1174	13119
284.2	54	11644
284.3	48	11003
284.4	1389	11073
284.5	560	11073
284.6	829	12484
284.7	48	11892
284.8	102	11106
284.9	1174	11073
285	1174	11003
285.1	59	11003
285.2	48	13846
285.3	619	11063
285.4	1464	11170
285.5	1459	11009
285.6	54	13022
285.7	48	11628
285.8	738	11186
285.9	738	11084
286	732	11628
286.1	54	11149
286.2	1480	11068
286.3	721	11073
286.4	727	11073
286.5	738	13087
286.6	48	11111
286.7	732	12425
286.8	732	11752
286.9	732	11009
287	54	11639
287.1	48	11095
287.2	721	11079
287.3	738	11671
287.4	732	11079
287.5	54	11892
287.6	732	11133
287.7	738	11531
287.8	738	11100
287.9	738	11186
288	48	11563
288.1	1868	11111
288.2	1464	11073
288.3	1475	11003
288.4	54	12269
288.5	48	11160
288.6	1497	11165
288.7	738	11084
288.8	732	11057
288.9	54	12274
289	54	11714
289.1	1416	11181
289.2	1378	11849
289.3	1416	11176
289.4	48	11100
289.5	549	11090
289.6	1416	11073
289.7	549	11639
289.8	54	11639
289.9	48	11719
290	743	11079
290.1	554	11073
290.2	549	11063
290.3	54	12279
290.4	48	11757
290.5	554	11003
290.6	554	11649
290.7	549	11052
290.8	48	11052
290.9	738	11095
291	700	11068
291.1	1480	11014
291.2	560	11009
291.3	48	12274
291.4	188	11057
291.5	468	11073
291.6	156	11660
291.7	528	11623
291.8	48	11063
291.9	834	11073
292	824	11073
292.1	829	11660
292.2	1480	11746
292.3	1480	13162
292.4	743	11079
292.5	743	13119
292.6	738	11644
292.7	48	11666
292.8	824	11014
292.9	829	11079
293	1244	11203
293.1	54	11073
293.2	48	14460
293.3	554	11536
293.4	549	11714
293.5	544	11606
293.6	54	11746
293.7	48	11149
293.8	560	11068
293.9	560	11003
294	54	13087
294.1	48	11106
294.2	565	11020
294.3	834	11020
294.4	619	11666
294.5	54	11073
294.6	48	11057
294.7	560	10998
294.8	560	11138
294.9	554	11795
295	54	11003
295.1	48	11628
295.2	694	10998
295.3	700	11746
295.4	463	11639
295.5	48	11020
295.6	92	11590
295.7	684	11073
295.8	694	11003
295.9	54	13087
296	48	11154
296.1	694	11536
296.2	694	11719
296.3	501	11079
296.4	54	11531
296.5	48	11090
296.6	549	11009
296.7	560	11073
296.8	554	11084
296.9	48	11746
297	560	11719
297.1	1384	11176
297.2	1367	11719
297.3	54	13081
297.4	48	11133
297.5	560	11063
297.6	554	11073
297.7	1389	13114
297.8	54	13087
297.9	48	11682
298	560	11073
298.1	560	11014
298.2	1351	11181
298.3	54	14497
298.4	0	0
298.5	0	0
298.6	0	0
298.7	0	0
298.8	0	0
298.9	0	0
299	0	0
299.1	0	0
299.2	0	0
299.3	0	0
299.4	0	0
299.5	0	0
299.6	0	0
299.7	0	0
299.8	0	0
299.9	0	0
300	0	0
300.1	0	0
