0.1	521	15070
0.2	521	12035
0.3	791	12064
0.4	328	12000
0.5	328	12176
0.6	328	12135
0.7	328	12375
0.8	328	12035
0.9	393	12000
1	393	12070
1.1	393	12105
1.2	393	12035
1.3	393	12240
1.4	393	12439
1.5	662	12170
1.6	393	12035
1.7	393	12340
1.8	393	12205
1.9	393	12176
2	393	12363
2.1	264	12234
2.2	264	12270
2.3	264	12035
2.4	264	12129
2.5	393	13377
2.6	264	11994
2.7	264	12516
2.8	264	13307
2.9	264	13828
3	264	13055
3.1	492	15369
3.2	498	12510
3.3	492	12141
3.4	293	12059
3.5	293	12000
3.6	393	12100
3.7	393	12176
3.8	393	12000
3.9	393	12000
4	393	12000
4.1	521	12486
4.2	521	12000
4.3	527	12000
4.4	439	12100
4.5	439	12000
4.6	439	12170
4.7	439	12000
4.8	662	12000
4.9	527	12035
5	521	12100
5.1	439	12275
5.2	439	12035
5.3	439	12105
5.4	439	12100
5.5	439	12035
5.6	264	11988
5.7	662	12445
5.8	439	12205
5.9	439	12135
6	439	12275
6.1	703	14027
6.2	703	12199
6.3	703	12170
6.4	703	12035
6.5	703	12316
6.6	352	12000
6.7	293	12035
6.8	352	12035
6.9	352	12135
7	352	12105
7.1	492	14033
7.2	498	12873
7.3	293	12281
7.4	293	12023
7.5	293	12574
7.6	293	12006
7.7	293	12170
7.8	293	12105
7.9	293	12375
8	293	12000
8.1	293	12070
8.2	293	12059
8.3	293	12135
8.4	293	12100
8.5	293	12000
8.6	293	12135
8.7	293	12141
8.8	293	12803
8.9	293	12586
9	293	13020
9.1	492	15357
9.2	498	12873
9.3	352	12100
9.4	352	12035
9.5	352	12205
9.6	352	12105
9.7	352	12000
9.8	352	12064
9.9	352	12035
10	352	12240
10.1	521	15797
10.2	521	12000
10.3	527	12000
10.4	439	12240
10.5	439	12070
10.6	439	12000
10.7	439	12000
10.8	662	12070
10.9	328	12035
11	521	12000
11.1	439	12064
11.2	439	12035
11.3	439	12035
11.4	439	12170
11.5	439	12035
11.6	264	12070
11.7	662	12094
11.8	439	12305
11.9	439	12105
12	439	12246
12.1	492	15363
12.2	492	15375
12.3	328	12059
12.4	328	12211
12.5	328	12070
12.6	328	12035
12.7	328	12035
12.8	393	12035
12.9	393	12035
13	393	12000
13.1	393	14250
13.2	498	12129
13.3	328	12035
13.4	328	12035
13.5	328	12135
13.6	328	12035
13.7	393	12029
13.8	393	12006
13.9	393	12100
14	393	12006
14.1	393	11994
14.2	393	12006
14.3	393	12000
14.4	393	12070
14.5	393	12105
14.6	393	12000
14.7	246	12340
14.8	246	12135
14.9	393	12082
15	393	12340
15.1	439	12680
15.2	439	12381
15.3	439	12680
15.4	439	12170
15.5	439	12100
15.6	352	12381
15.7	352	12000
15.8	352	12182
15.9	352	11988
16	352	12035
16.1	393	15756
16.2	393	12510
16.3	393	12135
16.4	393	12070
16.5	393	12035
16.6	393	12340
16.7	393	12076
16.8	393	12059
16.9	393	12000
17	393	12000
17.1	521	15135
17.2	521	12000
17.3	527	12000
17.4	439	12141
17.5	439	12000
17.6	439	12070
17.7	439	12170
17.8	662	12000
17.9	527	12105
18	521	12100
18.1	439	12064
18.2	439	12105
18.3	439	12135
18.4	439	12199
18.5	439	12305
18.6	264	12000
18.7	662	12615
18.8	439	12445
18.9	439	12035
19	439	12105
19.1	703	14215
19.2	439	14045
19.3	439	14273
19.4	223	13816
19.5	223	12105
19.6	223	13875
19.7	223	13805
19.8	223	13781
19.9	217	13816
20	217	13781
20.1	492	11994
20.2	492	11982
20.3	293	12281
20.4	293	12047
20.5	293	12105
20.6	293	12000
20.7	293	12387
20.8	293	12100
20.9	293	12100
21	586	12041
21.1	498	12000
21.2	246	12105
21.3	293	12217
21.4	293	12018
21.5	293	12170
21.6	293	12275
21.7	293	12275
21.8	293	12070
21.9	293	12287
22	293	12059
22.1	492	14238
22.2	492	12873
22.3	352	12170
22.4	352	12059
22.5	293	12105
22.6	293	12082
22.7	352	12100
22.8	293	12076
22.9	293	12105
23	246	12029
23.1	527	14174
23.2	662	13775
23.3	527	14273
23.4	223	13816
23.5	223	14021
23.6	217	13822
23.7	223	13805
23.8	223	13670
23.9	223	13816
24	223	13893
24.1	223	13635
24.2	217	13846
24.3	439	14086
24.4	223	13729
24.5	223	13875
24.6	223	14162
24.7	223	13734
24.8	223	13734
24.9	223	13752
25	439	13764
25.1	791	14021
25.2	492	13758
25.3	328	14150
25.4	328	13623
25.5	328	14133
25.6	393	13758
25.7	393	13758
25.8	393	13758
25.9	393	14197
26	393	14221
26.1	393	14326
26.2	328	13775
26.3	662	14256
26.4	328	13816
26.5	246	13904
26.6	328	14332
26.7	328	13969
26.8	393	14221
26.9	393	13816
27	393	13887
27.1	393	13699
27.2	393	13869
27.3	393	13898
27.4	393	13729
27.5	393	14115
27.6	393	14988
27.7	246	13201
27.8	246	15141
27.9	328	14297
28	393	13758
28.1	439	12070
28.2	439	14080
28.3	88	12100
28.4	88	15188
28.5	88	15158
28.6	88	15404
28.7	88	15176
28.8	88	15164
28.9	88	15182
29	88	15375
29.1	94	15146
29.2	100	15363
29.3	100	14965
29.4	100	14965
29.5	100	15375
29.6	100	15627
29.7	100	15352
29.8	100	15545
29.9	100	15275
30	100	15504
30.1	111	14174
30.2	111	13775
30.3	111	13816
30.4	111	14256
30.5	111	13811
30.6	223	14215
30.7	223	13646
30.8	111	14109
30.9	111	13816
31	111	13893
31.1	111	14139
31.2	111	14215
31.3	439	14086
31.4	439	13729
31.5	111	13875
31.6	94	14279
31.7	100	14215
31.8	100	13670
31.9	100	13816
32	100	12105
32.1	100	12029
32.2	100	12018
32.3	100	12100
32.4	100	12076
32.5	100	12105
32.6	100	12041
32.7	100	12311
32.8	100	12217
32.9	100	12076
33	100	12029
33.1	100	14016
33.2	100	12111
33.3	100	12023
33.4	193	12076
33.5	293	12035
33.6	100	11994
33.7	100	12029
33.8	100	12105
33.9	100	12064
34	100	12510
34.1	100	15363
34.2	100	12879
34.3	352	12018
34.4	100	12164
34.5	100	12082
34.6	100	12006
34.7	100	12170
34.8	100	11994
34.9	100	12029
35	100	12346
35.1	111	13729
35.2	111	13775
35.3	111	13934
35.4	111	13676
35.5	111	14174
35.6	111	14016
35.7	111	13805
35.8	111	14174
35.9	111	13816
36	111	13893
36.1	100	13699
36.2	100	11994
36.3	100	12281
36.4	100	12035
36.5	100	12105
36.6	100	12041
36.7	100	12035
36.8	100	12100
36.9	100	12076
37	100	12111
37.1	94	12082
37.2	352	12041
37.3	246	11994
37.4	246	12076
37.5	246	12170
37.6	100	14174
37.7	100	13775
37.8	100	13670
37.9	521	13816
38	527	14250
38.1	100	13781
38.2	100	14215
38.3	100	13822
38.4	264	13816
38.5	264	13822
38.6	527	14221
38.7	100	14109
38.8	100	13822
38.9	100	13816
39	100	13805
39.1	100	13811
39.2	100	13805
39.3	100	14221
39.4	100	13811
39.5	100	13775
39.6	88	12023
39.7	82	12018
39.8	246	12035
39.9	164	12369
40	164	13781
40.1	164	12750
40.2	164	13840
40.3	164	13822
40.4	164	13816
40.5	164	14215
40.6	328	13734
40.7	164	14145
40.8	170	12129
40.9	164	13723
41	328	13617
41.1	328	14273
41.2	439	13154
41.3	164	12305
41.4	164	13717
41.5	328	14215
41.6	334	13635
41.7	217	13781
41.8	217	13488
41.9	293	13342
42	70	13072
42.1	70	13781
42.2	328	14215
42.3	328	11982
42.4	164	12492
42.5	164	12750
42.6	164	13781
42.7	82	13646
42.8	82	12451
42.9	82	13611
43	82	14250
43.1	82	12311
43.2	82	12434
43.3	82	12012
43.4	76	13506
43.5	76	11982
43.6	76	11971
43.7	76	13611
43.8	70	13775
43.9	76	12469
44	76	13764
44.1	82	11965
44.2	82	11982
44.3	246	11988
44.4	246	12000
44.5	217	12457
44.6	246	11941
44.7	246	12047
44.8	252	14549
44.9	70	12480
45	293	14051
45.1	293	11977
45.2	293	11988
45.3	76	12000
45.4	76	12012
45.5	76	12029
45.6	76	13330
45.7	70	12059
45.8	70	12070
45.9	76	12088
46	393	13975
46.1	70	14479
46.2	70	12100
46.3	76	11994
46.4	76	11994
46.5	76	13500
46.6	123	11994
46.7	498	15141
46.8	70	12990
46.9	76	13482
47	393	12979
47.1	100	11971
47.2	100	13875
47.3	100	12012
47.4	100	13266
47.5	100	13916
47.6	100	12410
47.7	100	12234
47.8	100	13359
47.9	100	13354
48	94	13693
48.1	100	13688
48.2	100	12785
48.3	100	13260
48.4	328	13248
48.5	328	13723
48.6	100	13219
48.7	100	13705
48.8	100	13688
48.9	100	12703
49	100	13676
49.1	100	14156
49.2	100	14156
49.3	100	12762
49.4	100	12744
49.5	393	13717
49.6	82	13213
49.7	82	14180
49.8	82	12703
49.9	164	14162
50	164	12691
50.1	164	13664
50.2	164	13658
50.3	164	13172
50.4	164	12686
50.5	164	13705
50.6	334	13664
50.7	527	12082
50.8	170	12410
50.9	164	12141
51	328	12129
51.1	164	12785
51.2	164	12135
51.3	164	12375
51.4	164	12885
51.5	164	12352
51.6	334	12346
51.7	264	12322
51.8	527	12311
51.9	82	12035
52	82	12018
52.1	164	12012
52.2	164	11994
52.3	328	11982
52.4	164	12492
52.5	164	12000
52.6	439	12469
52.7	82	12457
52.8	82	13230
52.9	82	14262
53	82	12439
53.1	82	13734
53.2	82	13729
53.3	82	12006
53.4	82	11994
53.5	82	11982
53.6	82	11977
53.7	82	12486
53.8	82	12457
53.9	82	12463
54	82	13764
54.1	82	13236
54.2	328	11977
54.3	439	11988
54.4	82	12000
54.5	82	15053
54.6	82	12463
54.7	82	12047
54.8	82	12469
54.9	82	14561
55	82	13787
55.1	82	11977
55.2	82	11988
55.3	82	12000
55.4	82	12012
55.5	82	12023
55.6	82	12041
55.7	82	12064
55.8	82	12076
55.9	82	12088
56	82	12105
56.1	59	12563
56.2	53	12961
56.3	791	12850
56.4	129	12557
56.5	129	12041
56.6	59	12223
56.7	53	12041
56.8	334	12850
56.9	662	12557
57	328	12527
57.1	59	12563
57.2	53	12410
57.3	328	11953
57.4	328	12557
57.5	662	12428
57.6	59	12557
57.7	53	12023
57.8	129	12850
57.9	328	12557
58	328	12545
58.1	59	12158
58.2	53	13242
58.3	328	12850
58.4	328	12557
58.5	328	13283
58.6	59	12223
58.7	53	12041
58.8	53	12855
58.9	662	12486
59	334	12527
59.1	59	12158
59.2	53	13242
59.3	293	12850
59.4	293	12557
59.5	293	12533
59.6	59	12223
59.7	53	12193
59.8	393	12129
59.9	328	12557
60	439	12545
60.1	59	12563
60.2	53	12404
60.3	439	12920
60.4	662	12557
60.5	334	12006
60.6	59	12521
60.7	53	12041
60.8	246	12850
60.9	328	12557
61	328	13289
61.1	59	12563
61.2	53	13242
61.3	328	11953
61.4	111	12000
61.5	328	12527
61.6	59	12223
61.7	53	12041
61.8	129	12850
61.9	662	12557
62	334	12527
62.1	59	12158
62.2	53	13242
62.3	703	12850
62.4	328	12557
62.5	703	12533
62.6	59	12223
62.7	53	12041
62.8	146	12850
62.9	193	12557
63	193	12527
63.1	59	12563
63.2	53	12410
63.3	293	11953
63.4	328	12557
63.5	293	12527
63.6	59	12223
63.7	53	12105
63.8	146	12850
63.9	193	12557
64	293	12533
64.1	59	12563
64.2	53	12410
64.3	293	11965
64.4	328	12000
64.5	328	13318
64.6	59	12223
64.7	53	12041
64.8	146	12100
64.9	193	12557
65	193	12592
65.1	59	12158
65.2	53	12961
65.3	352	12850
65.4	293	12563
65.5	293	12533
65.6	59	12223
65.7	53	12193
65.8	146	12850
65.9	293	12557
66	293	12527
66.1	59	12563
66.2	53	12961
66.3	662	12920
66.4	439	12000
66.5	439	12527
66.6	59	12223
66.7	53	12023
66.8	129	12850
66.9	328	12557
67	662	12527
67.1	59	12563
67.2	53	12404
67.3	521	11936
67.4	105	12557
67.5	521	12527
67.6	59	12521
67.7	53	12023
67.8	129	12850
67.9	662	12557
68	662	12105
68.1	59	12158
68.2	53	12516
68.3	393	12850
68.4	334	12557
68.5	334	12041
68.6	59	12223
68.7	53	12193
68.8	129	11988
68.9	662	12557
69	328	12545
69.1	59	12563
69.2	53	12961
69.3	328	11941
69.4	328	12557
69.5	328	12545
69.6	59	12521
69.7	53	12193
69.8	129	12920
69.9	328	12000
70	393	12105
70.1	59	12563
70.2	53	12393
70.3	393	12850
70.4	393	12000
70.5	393	12527
70.6	59	12223
70.7	53	12041
70.8	129	12850
70.9	662	12563
71	656	12545
71.1	59	12158
71.2	53	13242
71.3	439	12908
71.4	439	12557
71.5	439	12527
71.6	59	12223
71.7	53	12193
71.8	146	12850
71.9	328	12563
72	328	12545
72.1	59	12563
72.2	53	12516
72.3	393	12855
72.4	246	12557
72.5	246	12545
72.6	59	12521
72.7	53	12041
72.8	393	12914
72.9	334	12000
73	393	13318
73.1	59	12563
73.2	53	12949
73.3	328	12850
73.4	129	12563
73.5	439	12545
73.6	59	12223
73.7	53	12041
73.8	439	11988
73.9	656	12557
74	328	12545
74.1	59	12158
74.2	53	13242
74.3	439	12850
74.4	439	12557
74.5	521	12006
74.6	59	12223
74.7	53	12041
74.8	129	12850
74.9	193	12557
75	193	12527
75.1	59	12563
75.2	53	12961
75.3	439	12850
75.4	328	12000
75.5	703	12533
75.6	59	12521
75.7	53	12105
75.8	146	15023
75.9	193	12557
76	193	13295
76.1	59	12563
76.2	53	12404
76.3	498	11953
76.4	328	12000
76.5	293	12527
76.6	59	12223
76.7	53	12023
76.8	146	12850
76.9	293	12557
77	293	12105
77.1	59	12158
77.2	53	12949
77.3	100	12920
77.4	146	12557
77.5	146	12041
77.6	59	12223
77.7	53	12041
77.8	100	12855
77.9	193	12557
78	193	12105
78.1	59	12158
78.2	53	12955
78.3	146	11953
78.4	193	12557
78.5	293	12545
78.6	59	12223
78.7	53	12041
78.8	146	12914
78.9	334	12000
79	328	12527
79.1	59	12158
79.2	53	13061
79.3	328	12850
79.4	328	12557
79.5	439	12545
79.6	59	12592
79.7	53	12041
79.8	129	12850
79.9	656	12557
80	328	12545
80.1	59	12158
80.2	53	13242
80.3	439	12920
80.4	662	12000
80.5	521	12527
80.6	59	12223
80.7	53	12023
80.8	129	12850
80.9	662	12557
81	334	12105
81.1	59	12563
81.2	53	12961
81.3	393	12855
81.4	293	12557
81.5	293	12545
81.6	59	12223
81.7	53	12193
81.8	129	12850
81.9	293	12000
82	293	12545
82.1	59	12158
82.2	53	12961
82.3	439	12850
82.4	328	12557
82.5	334	12029
82.6	59	12223
82.7	53	12023
82.8	129	12850
82.9	656	12000
83	393	12111
83.1	59	12158
83.2	53	12961
83.3	393	12850
83.4	129	12000
83.5	129	12041
83.6	59	12223
83.7	53	12041
83.8	656	12920
83.9	334	12000
84	334	12105
84.1	59	12223
84.2	53	12105
84.3	439	12164
84.4	100	12041
84.5	100	12100
84.6	59	12223
84.7	53	12164
84.8	146	12164
84.9	662	12041
85	328	12100
85.1	59	12100
85.2	53	12105
85.3	100	12164
85.4	146	12041
85.5	146	12100
85.6	59	12223
85.7	53	12105
85.8	393	12164
85.9	656	12041
86	393	12100
86.1	59	12223
86.2	53	12650
86.3	527	12580
86.4	521	12041
86.5	439	12100
86.6	59	12656
86.7	53	12217
86.8	662	12287
86.9	334	12041
87	328	12100
87.1	59	12814
87.2	53	12105
87.3	656	11977
87.4	328	12105
87.5	328	12211
87.6	59	12551
87.7	53	12041
87.8	439	12100
87.9	293	12035
88	434	12064
88.1	59	12475
88.2	53	12340
88.3	258	12035
88.4	100	11977
88.5	100	12059
88.6	59	12205
88.7	53	12041
88.8	393	12035
88.9	146	12205
89	393	12035
89.1	59	12580
89.2	53	12041
89.3	703	12035
89.4	100	12035
89.5	100	12270
89.6	59	12205
89.7	53	12270
89.8	352	12480
89.9	146	12416
90	146	12029
90.1	59	12158
90.2	53	12926
90.3	352	12949
90.4	100	12023
90.5	100	12064
90.6	59	12205
90.7	53	12270
90.8	352	12645
90.9	439	12645
91	146	12029
91.1	59	12475
91.2	53	12926
91.3	59	12205
91.4	445	12170
91.5	662	12234
91.6	59	12563
91.7	53	12545
91.8	521	15674
91.9	527	15680
92	785	15680
92.1	59	15680
92.2	53	12650
92.3	328	12352
92.4	527	12041
92.5	521	12217
92.6	59	12053
92.7	53	11977
92.8	328	12346
92.9	328	12041
93	328	12217
93.1	59	12006
93.2	53	11977
93.3	393	12346
93.4	393	12041
93.5	393	12217
93.6	59	12240
93.7	53	12223
93.8	334	12879
93.9	334	12117
94	328	12217
94.1	59	12240
94.2	53	11977
94.3	439	12346
94.4	439	12117
94.5	439	12217
94.6	59	12240
94.7	53	14074
94.8	439	12346
94.9	328	12117
95	328	12217
95.1	59	12504
95.2	53	12105
95.3	328	12879
95.4	328	12117
95.5	328	12217
95.6	59	12504
95.7	53	12105
95.8	328	12879
95.9	492	12041
96	492	12223
96.1	59	12240
96.2	53	14074
96.3	217	12346
96.4	439	11982
96.5	439	12352
96.6	59	12592
96.7	53	12111
96.8	328	12346
96.9	328	12738
97	328	12352
97.1	59	12873
97.2	53	12352
97.3	439	12873
97.4	246	12738
97.5	293	12346
97.6	59	12410
97.7	53	12193
97.8	293	12346
97.9	293	12094
98	293	12873
98.1	59	12568
98.2	53	12064
98.3	328	12850
98.4	439	11953
98.5	439	14074
98.6	59	12223
98.7	53	12041
98.8	439	12850
98.9	293	13658
99	293	14104
99.1	59	12158
99.2	53	12943
99.3	246	11965
99.4	246	12563
99.5	293	12721
99.6	59	12223
99.7	53	12041
99.8	293	12100
99.9	393	13658
100	393	12293
100.1	59	12158
100.2	53	12949
100.3	293	12850
100.4	293	12000
100.5	293	12715
100.6	59	12223
100.7	53	12041
100.8	199	12100
100.9	246	12557
101	246	11977
101.1	59	12158
101.2	53	12961
101.3	293	12920
101.4	293	12000
101.5	293	12721
101.6	59	12223
101.7	53	12041
101.8	328	11988
101.9	533	12557
102	264	12029
102.1	59	12158
102.2	53	12557
102.3	293	12850
102.4	328	12000
102.5	193	12088
102.6	59	12223
102.7	53	12041
102.8	393	11988
102.9	393	13658
103	521	15680
103.1	59	12926
103.2	53	12410
103.3	521	12855
103.4	393	12000
103.5	193	12088
103.6	59	12223
103.7	53	12041
103.8	246	12170
103.9	334	12557
104	334	12557
104.1	59	12158
104.2	53	12943
104.3	217	12855
104.4	439	12000
104.5	217	12305
104.6	59	12223
104.7	53	12041
104.8	223	11994
104.9	328	12076
105	328	12316
105.1	59	12563
105.2	53	11947
105.3	328	12855
105.4	328	12000
105.5	328	12088
105.6	59	12223
105.7	53	12041
105.8	439	12100
105.9	246	12709
106	246	13828
106.1	59	12861
106.2	53	12949
106.3	328	11988
106.4	439	12000
106.5	439	12088
106.6	59	12223
106.7	53	12111
106.8	328	11988
106.9	328	12709
107	328	12088
107.1	59	12563
107.2	53	12943
107.3	439	12926
107.4	492	12000
107.5	293	13828
107.6	59	12105
107.7	53	12041
107.8	246	11988
107.9	246	11953
108	246	12293
108.1	59	12158
108.2	53	12557
108.3	328	11988
108.4	439	12000
108.5	439	12088
108.6	59	12223
108.7	53	12041
108.8	264	12105
108.9	193	12709
109	293	12838
109.1	59	12861
109.2	53	12943
109.3	246	12926
109.4	246	12557
109.5	246	12088
109.6	59	12223
109.7	53	12041
109.8	293	12100
109.9	293	12299
110	293	12088
110.1	59	13148
110.2	53	11947
110.3	199	11965
110.4	293	12000
110.5	293	12088
110.6	59	12223
110.7	53	12041
110.8	246	12100
110.9	246	13658
111	246	12088
111.1	59	12563
111.2	53	12955
111.3	246	12920
111.4	246	13658
111.5	246	12088
111.6	59	12223
111.7	53	12193
111.8	328	11988
111.9	328	13658
112	328	15680
112.1	59	12563
112.2	53	14109
112.3	328	14104
112.4	328	12000
112.5	328	15680
112.6	59	12223
112.7	53	12023
112.8	328	11988
112.9	328	13658
113	328	12088
113.1	59	12563
113.2	53	12955
113.3	193	12164
113.4	193	12000
113.5	193	12088
113.6	59	12223
113.7	53	12041
113.8	334	11988
113.9	334	12557
114	328	12088
114.1	59	13148
114.2	53	12955
114.3	439	11994
114.4	439	12709
114.5	521	12088
114.6	59	12223
114.7	53	12041
114.8	223	11994
114.9	328	13658
115	328	12088
115.1	59	13148
115.2	53	12047
115.3	328	12855
115.4	328	12088
115.5	328	12088
115.6	59	12223
115.7	53	12041
115.8	439	12100
115.9	246	13658
116	246	13828
116.1	59	12158
116.2	53	14648
116.3	328	11988
116.4	439	12000
116.5	439	12088
116.6	59	12223
116.7	53	12041
116.8	328	12100
116.9	223	12076
117	217	12088
117.1	59	12563
117.2	53	12943
117.3	223	12100
117.4	492	12000
117.5	492	13822
117.6	59	12223
117.7	53	12041
117.8	246	12340
117.9	492	12709
118	439	12088
118.1	59	12158
118.2	53	12316
118.3	328	12920
118.4	439	13658
118.5	439	12088
118.6	64	12223
118.7	53	12041
118.8	439	12100
118.9	246	12709
119	293	13828
119.1	59	12158
119.2	53	12943
119.3	293	13330
119.4	293	12299
119.5	293	12088
119.6	59	12223
119.7	53	12041
119.8	293	12100
119.9	293	13658
120	293	12088
120.1	59	12563
120.2	53	12955
120.3	246	12146
120.4	293	12000
120.5	246	12088
120.6	59	12223
120.7	53	12041
120.8	246	12100
120.9	246	13658
121	246	12088
121.1	59	12563
121.2	53	12943
121.3	246	11994
121.4	246	12000
121.5	246	12088
121.6	59	12223
121.7	53	12041
121.8	328	12100
121.9	129	12709
122	129	12088
122.1	59	13148
122.2	53	14109
122.3	328	14109
122.4	129	15680
122.5	129	15680
122.6	59	12223
122.7	53	12193
122.8	328	12100
122.9	328	13658
123	328	12088
123.1	59	12563
123.2	53	12410
123.3	193	11994
123.4	193	12000
123.5	193	12088
123.6	59	12223
123.7	53	12041
123.8	293	12105
123.9	328	12000
124	328	14959
124.1	59	13148
124.2	53	12955
124.3	217	12855
124.4	439	12293
124.5	521	12088
124.6	59	12223
124.7	53	12041
124.8	439	12100
124.9	328	13658
125	328	12316
125.1	59	13148
125.2	53	12943
125.3	328	12855
125.4	328	13658
125.5	328	12088
125.6	59	12223
125.7	53	12041
125.8	439	12100
125.9	492	13658
126	492	12838
126.1	59	12568
126.2	53	12961
126.3	328	11988
126.4	439	12709
126.5	439	12088
126.6	59	12223
126.7	53	12041
126.8	328	11988
126.9	328	13658
127	328	12088
127.1	59	12563
127.2	53	12047
127.3	439	12100
127.4	492	12709
127.5	293	13828
127.6	59	12223
127.7	53	12041
127.8	246	12340
127.9	246	12088
128	246	12088
128.1	59	12070
128.2	53	14654
128.3	328	12100
128.4	328	12111
128.5	439	12100
128.6	59	12105
128.7	53	12029
128.8	328	12100
128.9	246	13828
129	293	13822
129.1	59	13822
129.2	53	13834
129.3	293	12346
129.4	293	12850
129.5	293	14080
129.6	59	12352
129.7	53	12844
129.8	246	15070
129.9	246	14578
130	246	12926
130.1	59	13664
130.2	53	12229
130.3	246	12193
130.4	246	14689
130.5	246	13336
130.6	59	14443
130.7	53	12035
130.8	246	12100
130.9	246	12352
131	246	13336
131.1	59	12205
131.2	53	12844
131.3	246	12164
131.4	246	12855
131.5	246	12000
131.6	59	12551
131.7	53	12926
131.8	246	12000
131.9	246	12035
132	293	12070
132.1	59	12504
132.2	53	12041
132.3	293	12094
132.4	293	12000
132.5	246	12100
132.6	59	12580
132.7	53	12926
132.8	246	12000
132.9	293	12551
133	293	12135
133.1	59	12475
133.2	53	12926
133.3	293	12006
133.4	246	12170
133.5	246	12064
133.6	59	12521
133.7	53	12539
133.8	328	14109
133.9	129	15680
134	100	15680
134.1	59	15674
134.2	29	14115
134.3	29	12539
134.4	53	12521
134.5	53	12527
134.6	53	12240
134.7	29	12586
134.8	29	12199
134.9	53	12035
135	53	12000
135.1	59	12580
135.2	53	12926
135.3	334	12035
135.4	53	12035
135.5	53	12000
135.6	59	12580
135.7	53	12463
135.8	129	12129
135.9	53	12035
136	53	12000
136.1	59	12580
136.2	53	12926
136.3	59	12135
136.4	53	12035
136.5	53	12170
136.6	59	12551
136.7	53	12926
136.8	59	12240
136.9	53	12053
137	53	12076
137.1	59	12193
137.2	29	12475
137.3	29	12070
137.4	53	12135
137.5	53	12064
137.6	59	12240
137.7	29	12064
137.8	29	12000
137.9	53	12000
138	53	12375
138.1	53	12375
138.2	29	12234
138.3	29	12000
138.4	53	12064
138.5	53	12000
138.6	53	12580
138.7	29	12041
138.8	29	12000
138.9	53	12035
139	53	12211
139.1	59	12158
139.2	53	11988
139.3	59	12141
139.4	53	12105
139.5	53	12000
139.6	59	12551
139.7	53	12041
139.8	129	12035
139.9	53	12000
140	53	12240
140.1	59	12580
140.2	35	12211
140.3	35	12035
140.4	41	12035
140.5	70	12000
140.6	59	12205
140.7	35	12545
140.8	35	12000
140.9	41	12035
141	76	12000
141.1	59	12504
141.2	23	12844
141.3	23	12000
141.4	53	12035
141.5	47	12035
141.6	59	12580
141.7	23	12926
141.8	23	12000
141.9	53	12035
142	47	12070
142.1	59	12475
142.2	53	11988
142.3	47	12164
142.4	53	12035
142.5	47	12064
142.6	59	12551
142.7	53	12926
142.8	146	12000
142.9	53	12035
143	47	12035
143.1	59	12070
143.2	53	12000
143.3	23	12035
143.4	41	11994
143.5	129	12100
143.6	59	12158
143.7	23	12270
143.8	23	12035
143.9	41	12035
144	293	12135
144.1	59	12551
144.2	29	12270
144.3	29	12000
144.4	53	12000
144.5	53	12035
144.6	53	12164
144.7	29	12064
144.8	29	12000
144.9	53	12000
145	53	12205
145.1	59	12580
145.2	53	12850
145.3	521	12035
145.4	53	12000
145.5	53	12170
145.6	59	12551
145.7	53	13061
145.8	129	12299
145.9	53	11977
146	53	11994
146.1	59	12158
146.2	53	12850
146.3	41	12035
146.4	334	12035
146.5	246	12135
146.6	59	12580
146.7	53	12041
146.8	41	12035
146.9	82	12035
147	82	12035
147.1	59	12551
147.2	53	12270
147.3	41	12035
147.4	82	12035
147.5	82	12035
147.6	59	12551
147.7	53	12041
147.8	41	12035
147.9	82	12035
148	82	12035
148.1	59	12580
148.2	23	12926
148.3	23	12000
148.4	53	12035
148.5	47	12035
148.6	59	12164
148.7	23	12000
148.8	23	12100
148.9	53	12035
149	47	12035
149.1	59	12070
149.2	53	12170
149.3	23	12035
149.4	439	12035
149.5	439	12340
149.6	59	12504
149.7	59	12170
149.8	23	12838
149.9	41	12557
150	129	11971
150.1	59	11965
150.2	29	12088
150.3	29	12217
150.4	53	12504
150.5	53	12035
150.6	53	12223
150.7	29	12041
150.8	29	12105
150.9	53	12029
151	53	12035
151.1	53	12563
151.2	29	12404
151.3	29	12850
151.4	53	12000
151.5	53	12545
151.6	53	12223
151.7	29	12041
151.8	29	12850
151.9	53	12000
152	53	11977
152.1	59	12158
152.2	53	12961
152.3	439	11965
152.4	53	12000
152.5	53	12023
152.6	53	12223
152.7	53	12041
152.8	129	12838
152.9	53	12158
153	53	12545
153.1	53	12563
153.2	29	12404
153.3	29	12850
153.4	53	12000
153.5	53	12041
153.6	53	12223
153.7	29	12041
153.8	29	11988
153.9	53	12000
154	53	12105
154.1	53	12563
154.2	23	12410
154.3	23	12844
154.4	53	12000
154.5	47	12023
154.6	59	12223
154.7	23	12111
154.8	23	12838
154.9	53	12557
155	47	12105
155.1	59	12158
155.2	23	12410
155.3	23	11953
155.4	53	12557
155.5	47	12023
155.6	59	12223
155.7	23	12041
155.8	23	12211
155.9	53	12000
156	47	12105
156.1	59	12158
156.2	53	13242
156.3	41	12850
156.4	82	12000
156.5	82	12006
156.6	64	12223
156.7	53	12041
156.8	41	12129
156.9	82	12557
157	82	12105
157.1	59	12158
157.2	29	13242
157.3	29	12850
157.4	53	12000
157.5	53	12545
157.6	53	12557
157.7	53	12041
157.8	129	12850
157.9	53	12000
158	53	12059
158.1	53	12158
158.2	53	12961
158.3	439	11965
158.4	53	12000
158.5	53	12041
158.6	53	12223
158.7	53	12041
158.8	129	12850
158.9	53	12000
159	53	12105
159.1	53	12926
159.2	29	12404
159.3	29	12850
159.4	53	12000
159.5	53	12041
159.6	53	12223
159.7	29	12023
159.8	29	11988
159.9	53	12000
160	53	12105
160.1	53	12926
160.2	29	12404
160.3	29	12850
160.4	53	12000
160.5	53	12041
160.6	53	12223
160.7	29	12023
160.8	29	12850
160.9	53	12000
161	53	12105
161.1	53	12926
161.2	29	12404
161.3	29	12850
161.4	53	12000
161.5	53	12041
161.6	53	12223
161.7	29	12041
161.8	29	12850
161.9	53	12000
162	53	12105
162.1	59	12563
162.2	23	11947
162.3	23	11953
162.4	53	12557
162.5	47	12006
162.6	59	12223
162.7	23	12023
162.8	23	12211
162.9	53	12557
163	47	12100
163.1	59	12563
163.2	29	12404
163.3	29	12850
163.4	53	12000
163.5	53	12545
163.6	53	12557
163.7	29	12111
163.8	29	12850
163.9	53	12000
164	53	13318
164.1	59	12158
164.2	53	12961
164.3	41	12850
164.4	82	12000
164.5	82	12012
164.6	59	12223
164.7	53	12041
164.8	41	12211
164.9	82	12557
165	82	12105
165.1	59	12158
165.2	53	12961
165.3	41	12838
165.4	82	12000
165.5	82	12006
165.6	59	12223
165.7	53	12041
165.8	41	12850
165.9	82	12557
166	82	12105
166.1	59	12158
166.2	59	12006
166.3	47	12850
166.4	100	12000
166.5	100	12223
166.6	59	12557
166.7	59	12111
166.8	47	12346
166.9	100	12000
167	100	12223
167.1	59	12563
167.2	53	14074
167.3	129	12346
167.4	100	12041
167.5	88	12223
167.6	59	12557
167.7	53	12111
167.8	129	12346
167.9	88	12158
168	88	12223
168.1	59	12240
168.2	35	11971
168.3	35	12346
168.4	41	12258
168.5	70	12223
168.6	59	12557
168.7	35	12111
168.8	35	12346
168.9	41	12867
169	76	12223
169.1	59	12100
169.2	35	14074
169.3	35	12346
169.4	41	12287
169.5	76	12223
169.6	59	12504
169.7	53	12111
169.8	41	12346
169.9	82	12258
170	82	12223
170.1	59	12100
170.2	59	14074
170.3	47	12346
170.4	100	12094
170.5	100	12352
170.6	59	12240
170.7	59	12352
170.8	47	12346
170.9	100	12094
171	100	12352
171.1	59	12709
171.2	59	11971
171.3	393	12873
171.4	393	12094
171.5	100	12352
171.6	59	12223
171.7	59	12111
171.8	47	12346
171.9	100	12000
172	100	12352
172.1	59	12697
172.2	53	12223
172.3	41	12850
172.4	82	12938
172.5	246	13254
172.6	59	12223
172.7	53	12023
172.8	41	12850
172.9	328	12557
173	328	14080
173.1	59	12158
173.2	53	12961
173.3	41	12850
173.4	82	12000
173.5	246	12105
173.6	59	12223
173.7	53	12193
173.8	41	12920
173.9	246	11953
174	246	13822
174.1	59	12158
174.2	29	12557
174.3	29	12920
174.4	53	12000
174.5	53	14074
174.6	53	12592
174.7	29	12193
174.8	29	12850
174.9	53	12557
175	53	12533
175.1	53	13148
175.2	29	12404
175.3	29	12920
175.4	53	12563
175.5	293	13822
175.6	53	12188
175.7	29	12041
175.8	29	12346
175.9	53	12563
176	293	14080
176.1	53	12158
176.2	29	12557
176.3	29	11953
176.4	439	12000
176.5	64	12316
176.6	59	12223
176.7	29	12041
176.8	29	12855
176.9	59	12000
177	64	12721
177.1	59	12158
177.2	29	12955
177.3	29	11965
177.4	293	12563
177.5	64	12545
177.6	59	12223
177.7	29	12041
177.8	29	12855
177.9	293	12563
178	393	12545
178.1	59	12158
178.2	29	12516
178.3	29	12844
178.4	59	12000
178.5	293	12715
178.6	59	12557
178.7	29	12041
178.8	29	12855
178.9	293	12000
179	293	12293
179.1	59	12563
179.2	29	12955
179.3	29	12855
179.4	293	12000
179.5	293	12721
179.6	59	12223
179.7	29	12041
179.8	29	12920
179.9	64	12000
180	64	12521
180.1	59	12563
180.2	59	12557
180.3	47	12855
180.4	100	12000
180.5	100	12539
180.6	59	12223
180.7	59	12041
180.8	47	12141
180.9	100	12557
181	100	15680
181.1	59	12158
181.2	59	12955
181.3	47	12855
181.4	100	12000
181.5	100	11994
181.6	59	12557
181.7	59	12041
181.8	47	12838
181.9	100	12000
182	100	14080
182.1	59	12158
182.2	53	12949
182.3	41	12850
182.4	82	12000
182.5	82	12545
182.6	59	12557
182.7	53	12041
182.8	41	12850
182.9	328	12000
183	328	12521
183.1	59	12158
183.2	53	12949
183.3	328	12850
183.4	246	12557
183.5	246	12105
183.6	59	12223
183.7	53	12193
183.8	41	12105
183.9	246	12557
184	246	13828
184.1	59	12926
184.2	29	12393
184.3	29	12850
184.4	53	12000
184.5	53	14074
184.6	53	12557
184.7	29	12193
184.8	29	12838
184.9	53	12557
185	53	13600
185.1	53	12563
185.2	29	12404
185.3	29	12920
185.4	53	12000
185.5	53	13822
185.6	53	12223
185.7	29	12041
185.8	29	12850
185.9	53	12006
186	53	12721
186.1	53	12949
186.2	29	12557
186.3	29	12855
186.4	64	12000
186.5	64	13184
186.6	59	12223
186.7	29	12041
186.8	29	12855
186.9	59	12563
187	64	13822
187.1	59	12158
187.2	29	12955
187.3	29	12844
187.4	293	12000
187.5	293	14824
187.6	59	12223
187.7	29	12041
187.8	29	12100
187.9	246	12557
188	293	12293
188.1	59	12563
188.2	29	12955
188.3	29	12855
188.4	293	12000
188.5	293	12293
188.6	59	12223
188.7	29	12041
188.8	29	12855
188.9	246	12000
189	246	12715
189.1	59	12158
189.2	29	12955
189.3	29	11965
189.4	64	12563
189.5	64	12721
189.6	59	12223
189.7	29	12041
189.8	29	12838
189.9	64	12000
190	64	15680
190.1	59	12563
190.2	59	12539
190.3	47	12914
190.4	100	12000
190.5	100	15680
190.6	59	12223
190.7	59	12041
190.8	47	12850
190.9	100	12557
191	100	15680
191.1	59	12563
191.2	59	12955
191.3	47	12855
191.4	100	12000
191.5	100	13729
191.6	59	12223
191.7	59	12041
191.8	47	12855
191.9	100	12557
192	100	14648
192.1	59	12158
192.2	53	12393
192.3	41	12850
192.4	521	12557
192.5	82	12041
192.6	59	12100
192.7	53	12023
192.8	41	12850
192.9	82	12557
193	328	12521
193.1	59	12158
193.2	53	12961
193.3	41	12850
193.4	82	12000
193.5	246	12105
193.6	59	12223
193.7	53	12041
193.8	41	12129
193.9	246	12557
194	246	13828
194.1	59	12926
194.2	29	12416
194.3	29	12850
194.4	53	12000
194.5	53	14074
194.6	53	12223
194.7	29	12023
194.8	29	12920
194.9	53	12000
195	53	12316
195.1	53	12563
195.2	29	12404
195.3	29	12920
195.4	53	12000
195.5	53	13828
195.6	53	12223
195.7	29	12193
195.8	29	12850
195.9	53	12076
196	53	12721
196.1	53	12158
196.2	29	12316
196.3	29	12850
196.4	59	12000
196.5	64	14074
196.6	59	12223
196.7	29	12041
196.8	29	12855
196.9	246	12000
197	293	13822
197.1	59	12158
197.2	29	12955
197.3	29	12844
197.4	293	12006
197.5	293	12721
197.6	59	12223
197.7	29	12041
197.8	29	12100
197.9	293	12557
198	293	12293
198.1	59	12563
198.2	29	12955
198.3	29	11965
198.4	246	12000
198.5	64	12826
198.6	59	12223
198.7	29	12041
198.8	29	12855
198.9	59	12076
199	64	12293
199.1	59	12563
199.2	29	12955
199.3	29	12855
199.4	246	12000
199.5	246	12721
199.6	59	12223
199.7	29	12041
199.8	29	12920
199.9	64	12000
200	64	12521
200.1	59	12158
200.2	59	14109
200.3	47	12855
200.4	100	12000
200.5	100	15680
200.6	59	12223
200.7	59	12041
200.8	47	11988
200.9	100	12557
201	100	15680
201.1	59	12563
201.2	59	12955
201.3	47	12855
201.4	100	12000
201.5	100	12287
201.6	59	12223
201.7	59	12041
201.8	47	12850
201.9	100	12557
202	100	12322
202.1	59	12932
202.2	53	12949
202.3	41	11953
202.4	439	12000
202.5	82	12545
202.6	59	12223
202.7	53	12041
202.8	41	12850
202.9	328	12000
203	328	12316
203.1	59	12563
203.2	53	12949
203.3	328	12850
203.4	328	12000
203.5	246	12105
203.6	59	12223
203.7	53	12193
203.8	41	12105
203.9	246	12557
204	246	13828
204.1	59	12926
204.2	29	12404
204.3	29	12850
204.4	53	12000
204.5	53	14074
204.6	53	12223
204.7	29	12193
204.8	29	11988
204.9	53	12557
205	53	13184
205.1	53	12527
205.2	29	12105
205.3	29	12738
205.4	53	12715
205.5	53	13822
205.6	53	14074
205.7	29	12838
205.8	29	12346
205.9	53	12715
206	53	12750
206.1	53	12949
206.2	29	12557
206.3	29	14654
206.4	64	12715
206.5	64	14074
206.6	59	12205
206.7	29	12855
206.8	29	13201
206.9	293	14320
207	64	13811
207.1	59	12920
207.2	29	13904
207.3	29	13811
207.4	59	12715
207.5	246	14473
207.6	59	14836
207.7	29	12135
207.8	29	15311
207.9	293	14467
208	199	12855
208.1	59	15006
208.2	29	13248
208.3	29	14385
208.4	199	14596
208.5	193	15041
208.6	59	14338
208.7	29	15006
208.8	29	12996
208.9	193	14467
209	64	12006
209.1	59	13078
209.2	29	14473
209.3	29	14045
209.4	59	12545
209.5	64	14473
209.6	59	14496
209.7	29	15393
209.8	29	13910
209.9	193	14467
210	193	14314
210.1	59	15375
210.2	53	15182
210.3	393	15164
210.4	293	13078
210.5	293	14473
210.6	59	14836
210.7	53	13869
210.8	293	13729
210.9	293	13711
211	193	12527
211.1	59	15375
211.2	53	15305
211.3	246	15170
211.4	246	15188
211.5	246	14467
211.6	59	14490
211.7	53	12932
211.8	393	14473
211.9	246	14473
212	393	14701
212.1	59	15000
212.2	53	14467
212.3	246	14449
212.4	393	13781
212.5	246	14473
212.6	59	13881
212.7	53	14332
212.8	193	14484
212.9	193	14326
213	193	15328
213.1	59	15322
213.2	53	14467
213.3	246	14180
213.4	246	13781
213.5	246	14473
213.6	59	13646
213.7	53	13365
213.8	393	15311
213.9	293	15035
214	293	15158
214.1	246	15006
214.2	293	14473
214.3	293	13816
214.4	293	13781
214.5	293	14473
214.6	246	14496
214.7	246	15316
214.8	393	15316
214.9	246	14467
215	199	14350
215.1	393	14496
215.2	393	13254
215.3	393	13799
215.4	393	13781
215.5	393	14473
215.6	393	15328
215.7	293	13705
215.8	293	15311
215.9	293	14467
216	199	13717
216.1	246	12445
216.2	393	14332
216.3	293	15170
216.4	393	14467
216.5	393	14473
216.6	393	15375
216.7	293	15000
216.8	393	14479
216.9	393	14467
217	199	13881
217.1	293	13881
217.2	393	14479
217.3	293	15170
217.4	393	15188
217.5	393	14473
217.6	211	15012
217.7	393	12369
217.8	393	13723
217.9	393	14467
218	393	13711
218.1	393	15012
218.2	393	15311
218.3	299	15170
218.4	393	15182
218.5	393	14467
218.6	393	14490
218.7	393	13887
218.8	387	13723
218.9	387	14326
219	393	13875
219.1	393	15012
219.2	393	15305
219.3	393	14449
219.4	293	13781
219.5	439	14467
219.6	393	13734
219.7	393	13752
219.8	393	14490
219.9	393	14473
220	199	15158
220.1	393	15322
220.2	393	14467
220.3	586	14449
220.4	393	14461
220.5	393	13711
220.6	293	13887
220.7	293	15012
220.8	393	15316
220.9	398	14467
221	393	15316
221.1	393	15006
221.2	293	14467
221.3	779	13805
221.4	393	13781
221.5	393	14473
221.6	393	14496
221.7	393	13881
221.8	293	15322
221.9	293	15035
222	393	14344
222.1	346	14408
222.2	521	13248
222.3	521	13816
222.4	521	13787
222.5	439	14473
222.6	346	14490
222.7	439	15316
222.8	352	15311
222.9	662	14467
223	223	12135
223.1	217	12604
223.2	439	14467
223.3	439	14496
223.4	223	14883
223.5	223	14467
223.6	662	14824
223.7	217	14631
223.8	217	14473
223.9	223	14467
224	223	14297
224.1	223	13717
224.2	217	14467
224.3	217	15076
224.4	217	14426
224.5	223	14467
224.6	223	14936
224.7	223	12574
224.8	217	13723
224.9	223	14467
225	217	12305
225.1	217	12557
225.2	223	14619
225.3	223	12557
225.4	217	12498
225.5	217	14467
225.6	223	14490
225.7	223	15885
225.8	223	13717
225.9	223	14326
226	223	14344
226.1	217	14613
226.2	217	15316
226.3	223	15158
226.4	223	14631
226.5	223	14467
226.6	223	13881
226.7	223	13266
226.8	223	14484
226.9	223	14473
227	223	15217
227.1	223	15258
227.2	217	15311
227.3	217	15164
227.4	217	14467
227.5	223	13711
227.6	223	13734
227.7	223	12176
227.8	223	14484
227.9	223	14326
228	217	15164
228.1	223	15006
228.2	223	14473
228.3	223	13805
228.4	223	13775
228.5	217	13711
228.6	217	14338
228.7	223	15018
228.8	223	15316
228.9	223	14467
229	223	15305
229.1	223	15006
229.2	223	14467
229.3	223	13805
229.4	223	13225
229.5	223	14473
229.6	223	14496
229.7	217	12164
229.8	217	15316
229.9	223	14467
230	217	15164
230.1	217	13881
230.2	246	13775
230.3	246	13816
230.4	217	13781
230.5	223	14473
230.6	334	14496
230.7	393	15264
230.8	246	14484
230.9	387	14467
231	387	14332
231.1	393	13887
231.2	398	14473
231.3	393	14455
231.4	393	13787
231.5	193	15041
231.6	393	15316
231.7	393	13980
231.8	164	13734
231.9	393	14180
232	393	15164
232.1	246	13764
232.2	393	14098
232.3	393	15164
232.4	164	15164
232.5	393	14473
232.6	246	15105
232.7	246	13945
232.8	246	13734
232.9	393	14338
233	328	13811
233.1	393	14502
233.2	246	15041
233.3	393	14098
233.4	193	13770
233.5	393	14467
233.6	199	14496
233.7	328	14039
233.8	393	13740
233.9	334	14473
234	393	14309
234.1	393	15311
234.2	398	15311
234.3	393	15322
234.4	393	15170
234.5	193	14467
234.6	334	13734
234.7	393	13881
234.8	164	14490
234.9	393	14473
235	393	12949
235.1	193	15328
235.2	393	14473
235.3	393	14449
235.4	328	14467
235.5	393	13711
235.6	246	14496
235.7	387	13582
235.8	393	15322
235.9	393	14467
236	328	15164
236.1	393	15012
236.2	393	14467
236.3	246	13805
236.4	328	13787
236.5	393	14473
236.6	199	14490
236.7	393	15012
236.8	393	15316
236.9	393	14467
237	246	15316
237.1	393	14402
237.2	164	15012
237.3	393	12697
237.4	393	13875
237.5	64	14420
237.6	53	14467
237.7	53	14080
237.8	59	14467
237.9	64	14344
238	64	14326
238.1	64	13787
238.2	521	13828
238.3	76	13711
238.4	70	14443
238.5	76	13781
238.6	76	15176
238.7	76	14338
238.8	76	14988
238.9	76	14420
239	76	12199
239.1	76	14467
239.2	76	14332
239.3	70	14473
239.4	70	15176
239.5	393	13781
239.6	199	13699
239.7	393	15018
239.8	393	15129
239.9	193	12498
240	393	13881
240.1	393	14467
240.2	47	14514
240.3	393	14467
240.4	76	14467
240.5	47	15000
240.6	199	14320
240.7	393	14338
240.8	393	13260
240.9	76	12598
241	393	14379
241.1	393	14467
241.2	199	14332
241.3	393	15164
241.4	64	15176
241.5	393	12580
241.6	393	13705
241.7	393	13881
241.8	193	12563
241.9	393	12738
242	393	15006
242.1	393	14467
242.2	393	14467
242.3	521	15012
242.4	59	14396
242.5	393	12234
242.6	199	13957
242.7	393	14344
242.8	393	15000
242.9	76	15287
243	47	12410
243.1	393	14467
243.2	393	14490
243.3	393	14467
243.4	64	13781
243.5	47	13699
243.6	199	13705
243.7	393	15012
243.8	393	15387
243.9	393	12111
244	393	15322
244.1	521	14461
244.2	47	14461
244.3	393	13711
244.4	393	13939
244.5	76	14203
244.6	393	14467
244.7	393	14344
244.8	199	14994
244.9	393	15287
245	393	13975
245.1	70	14467
245.2	76	14332
245.3	76	14180
245.4	70	13787
245.5	70	14326
245.6	70	13705
245.7	64	15316
245.8	64	15129
245.9	64	14514
246	64	14320
246.1	70	13676
246.2	59	14086
246.3	64	14467
246.4	64	14396
246.5	64	15328
246.6	64	15000
246.7	64	14320
246.8	64	14314
246.9	64	14021
247	64	15357
247.1	64	14467
247.2	64	14332
247.3	59	15152
247.4	64	15176
247.5	47	12580
247.6	393	13705
247.7	199	14414
247.8	293	13799
247.9	393	13277
248	393	14098
248.1	393	14467
248.2	393	14467
248.3	393	15012
248.4	293	14344
248.5	393	15322
248.6	199	14326
248.7	393	13201
248.8	393	13248
248.9	76	13863
249	47	12428
249.1	393	14467
249.2	393	14332
249.3	393	15164
249.4	64	14467
249.5	47	13781
249.6	205	13699
249.7	393	14326
249.8	393	13916
249.9	199	14068
250	393	15328
250.1	193	14467
250.2	47	14467
250.3	393	15000
250.4	393	13863
250.5	398	15322
250.6	393	13957
250.7	393	14344
250.8	199	14994
250.9	76	15328
251	393	13723
251.1	393	14467
251.2	393	14490
251.3	293	14467
251.4	64	13781
251.5	393	13699
251.6	393	13705
251.7	398	15270
251.8	293	15129
251.9	199	11977
252	393	15322
252.1	193	14467
252.2	393	13717
252.3	199	13711
252.4	393	13869
252.5	76	14467
252.6	59	14467
252.7	64	14338
252.8	64	14994
252.9	64	15275
253	64	13975
253.1	59	14467
253.2	53	14332
253.3	53	14180
253.4	59	14467
253.5	53	13781
253.6	53	14502
253.7	53	15270
253.8	53	15129
253.9	53	12000
254	53	13875
254.1	64	13693
254.2	64	13834
254.3	64	15006
254.4	64	14344
254.5	129	14467
254.6	64	15029
254.7	70	14449
254.8	64	14080
254.9	64	13787
255	70	13828
255.1	64	14473
255.2	64	14467
255.3	223	15164
255.4	223	15176
255.5	64	14338
255.6	205	13699
255.7	223	14414
255.8	217	12316
255.9	217	14467
256	223	14326
256.1	223	14467
256.2	223	15029
256.3	217	14502
256.4	223	14467
256.5	223	12574
256.6	223	13957
256.7	223	13207
256.8	217	13729
256.9	217	14391
257	217	12516
257.1	223	15176
257.2	223	14490
257.3	223	14455
257.4	217	14467
257.5	223	13699
257.6	223	13705
257.7	223	13734
257.8	217	15398
257.9	217	14930
258	223	15322
258.1	217	14467
258.2	223	14467
258.3	223	13887
258.4	223	13934
258.5	223	11971
258.6	205	13957
258.7	223	14344
258.8	223	14994
258.9	223	15287
259	223	14414
259.1	223	14467
259.2	223	14490
259.3	217	13787
259.4	217	13787
259.5	223	13699
259.6	223	13705
259.7	223	15316
259.8	217	15129
259.9	217	14373
260	223	15006
260.1	223	14086
260.2	223	13828
260.3	223	13711
260.4	223	12586
260.5	217	14467
260.6	223	14467
260.7	223	14338
260.8	223	14994
260.9	223	15006
261	217	12240
261.1	64	14467
261.2	64	14332
261.3	64	14473
261.4	64	14467
261.5	223	12006
261.6	64	13699
261.7	223	14338
261.8	217	14391
261.9	217	13822
262	223	13775
262.1	59	13699
262.2	246	14467
262.3	64	15000
262.4	64	15281
262.5	64	13822
262.6	64	14707
262.7	64	14338
262.8	64	13893
262.9	64	14016
263	393	13781
263.1	393	14467
263.2	393	14490
263.3	59	15164
263.4	64	15176
263.5	64	14830
263.6	393	13699
263.7	64	13734
263.8	393	13793
263.9	393	12111
264	64	15322
264.1	59	14467
264.2	393	14461
264.3	47	15023
264.4	393	14467
264.5	393	14092
264.6	328	13816
264.7	246	13881
264.8	393	14725
264.9	193	14977
265	328	15012
265.1	328	14467
265.2	193	14461
265.3	334	14461
265.4	393	13670
265.5	393	13711
265.6	199	13887
265.7	393	12604
265.8	393	15809
265.9	193	12111
266	393	15322
266.1	393	14461
266.2	47	14467
266.3	393	13705
266.4	59	13863
266.5	246	15094
266.6	393	14326
266.7	193	15006
266.8	47	13699
266.9	393	14467
267	205	14320
267.1	76	14461
267.2	393	13717
267.3	393	13107
267.4	328	14320
267.5	76	14467
267.6	47	15006
267.7	211	12205
267.8	393	14994
267.9	393	14467
268	328	14320
268.1	328	13693
268.2	47	13828
268.3	47	13711
268.4	59	13934
268.5	393	14467
268.6	164	15182
268.7	393	15029
268.8	393	14467
268.9	328	14314
269	393	13787
269.1	393	13711
269.2	211	14320
269.3	393	14344
269.4	211	14338
269.5	211	15012
269.6	53	15023
269.7	53	15000
269.8	59	14285
269.9	64	13277
270	64	13881
270.1	64	14467
270.2	393	14467
270.3	76	12100
270.4	76	12305
270.5	146	14467
270.6	76	14467
270.7	76	14320
270.8	70	14314
270.9	393	12170
271	76	14326
271.1	76	14467
271.2	76	14490
271.3	70	15164
271.4	70	15176
271.5	393	14338
271.6	199	13699
271.7	393	13869
271.8	393	12551
271.9	293	14391
272	293	15328
272.1	393	15029
272.2	393	14467
272.3	393	15012
272.4	521	15281
272.5	791	12240
272.6	521	13957
272.7	393	14344
272.8	146	15000
272.9	393	15281
273	393	13096
273.1	293	14467
273.2	193	14490
273.3	393	14467
273.4	64	13781
273.5	393	13699
273.6	393	13705
273.7	521	15006
273.8	393	15129
273.9	393	14373
274	398	15322
274.1	393	14461
274.2	393	14461
274.3	521	13711
274.4	521	12967
274.5	393	12604
274.6	199	14326
274.7	393	14344
274.8	393	14994
274.9	76	15281
275	47	12000
275.1	393	14467
275.2	293	14332
275.3	393	14180
275.4	64	13787
275.5	47	14326
275.6	199	13705
275.7	393	15316
275.8	193	15129
275.9	393	14367
276	293	14496
276.1	521	13693
276.2	47	13828
276.3	393	13711
276.4	59	14396
276.5	293	12609
276.6	393	15170
276.7	293	14344
276.8	521	13881
276.9	393	14021
277	47	12000
277.1	70	14467
277.2	76	14332
277.3	76	15164
277.4	70	15176
277.5	393	12580
277.6	70	14502
277.7	64	14326
277.8	64	12551
277.9	64	13277
278	64	13875
278.1	70	14467
278.2	293	14467
278.3	64	15000
278.4	64	15281
278.5	64	13822
278.6	64	14326
278.7	64	13688
278.8	64	13893
278.9	64	13939
279	393	13781
279.1	64	14467
279.2	64	14490
279.3	393	15164
279.4	64	14467
279.5	393	13699
279.6	293	13705
279.7	293	12604
279.8	293	14279
279.9	393	14373
280	393	15012
280.1	393	14467
280.2	393	15006
280.3	47	14977
280.4	59	13934
280.5	393	13963
280.6	199	13793
280.7	393	14344
280.8	293	15029
280.9	293	14467
281	76	14467
281.1	393	14467
281.2	393	14490
281.3	393	14455
281.4	64	13781
281.5	47	13781
281.6	199	13705
281.7	393	15012
281.8	393	15000
281.9	393	15328
282	393	15322
282.1	76	14461
282.2	82	13793
282.3	393	13793
282.4	64	13787
282.5	393	14473
282.6	393	14484
282.7	393	15158
282.8	199	15029
282.9	393	14467
283	76	14461
283.1	293	13723
283.2	293	13887
283.3	59	14109
283.4	76	14473
283.5	393	15006
283.6	199	15006
283.7	393	15012
283.8	293	15006
283.9	59	14426
284	193	14467
284.1	393	13676
284.2	47	13828
284.3	393	15000
284.4	393	15328
284.5	47	13734
284.6	59	15006
284.7	64	14338
284.8	64	13260
284.9	64	14279
285	64	13945
285.1	59	14467
285.2	53	14467
285.3	53	14467
285.4	59	15170
285.5	59	15164
285.6	59	14467
285.7	53	14098
285.8	53	13875
285.9	53	13424
286	53	15012
286.1	64	15064
286.2	64	15270
286.3	64	15328
286.4	64	14941
286.5	64	15006
286.6	64	13852
286.7	64	13881
286.8	64	13875
286.9	64	14420
287	64	15012
287.1	64	12000
287.2	223	15264
287.3	217	15000
287.4	129	14367
287.5	223	13887
287.6	217	12650
287.7	223	13887
287.8	217	14502
287.9	223	11988
288	223	15328
288.1	223	15305
288.2	223	15264
288.3	217	14408
288.4	217	14385
288.5	223	12609
288.6	223	14338
288.7	223	15270
288.8	217	15328
288.9	217	14338
289	223	15006
289.1	223	14766
289.2	223	14314
289.3	217	13875
289.4	217	13277
289.5	217	13893
289.6	223	12064
289.7	223	15270
289.8	223	15322
289.9	217	14385
290	217	15006
290.1	223	13746
290.2	223	12645
290.3	223	13875
290.4	217	12070
290.5	223	15328
290.6	217	12076
290.7	223	12691
290.8	223	12697
290.9	223	12000
291	223	12574
291.1	223	13975
291.2	217	12164
291.3	217	12252
291.4	223	12135
291.5	223	12100
291.6	223	12275
291.7	217	12234
291.8	217	12006
291.9	223	12539
292	223	13605
292.1	223	12850
292.2	223	12035
292.3	223	12615
292.4	217	12170
292.5	217	12287
292.6	223	12105
292.7	223	12146
292.8	223	13705
292.9	217	12311
293	217	12410
293.1	64	12035
293.2	64	12170
293.3	64	12170
293.4	64	12316
293.5	64	12035
293.6	64	12023
293.7	64	12422
293.8	223	12164
293.9	223	12100
294	223	12721
294.1	59	13775
294.2	246	13775
294.3	246	14273
294.4	64	13816
294.5	64	13822
294.6	64	13822
294.7	59	13828
294.8	64	13734
294.9	64	13816
295	393	13781
295.1	64	13828
295.2	393	13125
295.3	64	13652
295.4	64	13682
295.5	64	13705
295.6	393	13840
295.7	64	13242
295.8	393	14197
295.9	59	14197
296	64	14145
296.1	246	13758
296.2	393	13764
296.3	123	13752
296.4	393	13641
296.5	328	13887
296.6	334	13377
296.7	246	13758
296.8	393	13764
296.9	398	14203
297	393	13752
297.1	328	13787
297.2	246	14162
297.3	246	13881
297.4	393	13840
297.5	393	13822
297.6	393	14227
297.7	328	13846
297.8	393	13881
297.9	193	13781
298	393	14197
298.1	246	13793
298.2	393	13670
298.3	393	13910
298.4	393	13887
298.5	246	14021
298.6	393	13723
298.7	398	14021
298.8	393	13910
298.9	393	14021
299	193	13646
299.1	246	13781
299.2	393	13822
299.3	164	13775
299.4	393	13816
299.5	393	13811
299.6	334	14156
299.7	393	13576
299.8	393	13330
299.9	393	14174
300	393	13781
300.1	328	14221
300.2	393	13734
300.3	199	13781
300.4	393	13822
300.5	393	13734
300.6	393	13664
300.7	393	14285
300.8	393	14250
300.9	246	14197
301	393	13816
301.1	164	14086
301.2	393	13764
301.3	393	13559
301.4	246	13119
301.5	246	13664
301.6	393	13863
301.7	393	14197
301.8	393	14197
301.9	393	14162
302	246	14021
302.1	328	13980
302.2	393	12275
302.3	164	12041
302.4	393	12229
302.5	328	12105
302.6	393	12023
302.7	193	12539
302.8	393	12059
302.9	398	12023
303	393	12545
303.1	393	12316
303.2	393	13266
303.3	193	12398
303.4	393	12029
303.5	393	12170
303.6	393	12293
303.7	393	12164
303.8	521	12100
303.9	193	12029
304	393	13236
304.1	393	12105
304.2	393	12721
304.3	393	11994
304.4	393	12334
304.5	193	12305
304.6	393	12076
304.7	393	12410
304.8	393	12029
304.9	393	13395
305	521	12105
305.1	193	11994
305.2	393	12340
305.3	393	12170
305.4	393	11971
305.5	393	12762
305.6	393	12117
305.7	293	12299
305.8	393	12117
305.9	393	11994
306	393	12035
306.1	393	12475
306.2	393	12105
306.3	199	12369
306.4	393	12041
306.5	393	12170
306.6	393	12059
306.7	393	12006
306.8	393	12100
306.9	293	12170
307	393	12721
307.1	393	12229
307.2	393	12164
307.3	393	12000
307.4	393	12047
307.5	293	12193
307.6	393	12100
307.7	393	12369
307.8	393	12170
307.9	393	12744
308	393	12492
308.1	293	12744
308.2	393	12035
308.3	393	12170
308.4	393	12111
308.5	393	12164
308.6	393	12135
308.7	193	13242
308.8	393	12082
308.9	393	12170
309	393	12105
309.1	393	12053
309.2	521	12105
309.3	293	12170
309.4	393	12510
309.5	393	13160
309.6	393	12369
309.7	393	12604
309.8	393	12551
309.9	293	12041
310	393	12445
310.1	393	13840
310.2	293	13775
310.3	387	13822
310.4	393	13816
310.5	293	13869
310.6	393	13822
310.7	293	13969
310.8	398	13670
310.9	393	13377
311	393	15322
311.1	199	14332
311.2	393	15322
311.3	393	12369
311.4	398	13500
311.5	393	12574
311.6	293	14467
311.7	293	15012
311.8	393	14197
311.9	393	12111
312	398	15000
312.1	393	12650
312.2	393	13898
312.3	293	12738
312.4	393	13277
312.5	393	14414
312.6	199	12645
312.7	393	15316
312.8	293	15129
312.9	393	12111
313	393	15322
313.1	393	13746
313.2	398	13898
313.3	393	12305
313.4	393	14719
313.5	293	15012
313.6	199	15270
313.7	393	15316
313.8	398	15129
313.9	393	11977
314	393	13887
314.1	199	13752
314.2	393	14402
314.3	393	12551
314.4	199	12111
314.5	393	15322
314.6	199	12006
314.7	293	15000
314.8	393	12305
314.9	393	11977
315	398	12604
315.1	199	13811
315.2	293	15006
315.3	393	15129
315.4	199	12111
315.5	393	15322
315.6	199	14332
315.7	393	13869
315.8	393	12551
315.9	199	13277
316	393	12604
316.1	393	12645
316.2	398	15270
316.3	393	15129
316.4	393	12756
316.5	293	15006
316.6	199	13746
316.7	393	13869
316.8	398	12551
316.9	393	14391
317	393	15328
317.1	199	12650
317.2	393	15322
317.3	393	15129
317.4	398	12738
317.5	393	15006
317.6	293	13529
317.7	293	13898
317.8	193	12551
317.9	393	14197
318	398	15012
318.1	393	13576
318.2	352	13775
318.3	223	12041
318.4	393	12105
318.5	217	13342
318.6	223	13365
318.7	223	11994
318.8	223	12346
318.9	223	12100
319	217	15006
319.1	223	13295
319.2	223	13342
319.3	223	13875
319.4	223	12076
319.5	217	12035
319.6	217	12170
319.7	223	12105
319.8	223	12105
319.9	223	12070
320	223	13758
320.1	217	13559
320.2	217	12721
320.3	223	12855
320.4	223	12105
320.5	223	12170
320.6	223	12105
320.7	223	13758
320.8	217	12029
320.9	223	11971
321	223	12105
321.1	223	12006
321.2	223	12164
321.3	217	12275
321.4	217	12369
321.5	223	12170
321.6	223	12035
321.7	223	13430
321.8	223	12984
321.9	217	12105
322	217	12029
322.1	223	12205
322.2	223	13025
322.3	223	12164
322.4	223	12023
322.5	217	12674
322.6	217	12082
322.7	223	12105
322.8	223	12135
322.9	223	12000
323	223	11994
323.1	217	13822
323.2	217	12070
323.3	223	13805
323.4	223	12305
323.5	223	12100
323.6	223	13570
323.7	217	13576
323.8	217	12398
323.9	223	12100
324	223	12404
324.1	223	12035
324.2	223	13383
324.3	217	12615
324.4	217	12170
324.5	223	12176
324.6	223	12416
324.7	223	12445
324.8	223	13705
324.9	217	12105
325	217	12293
325.1	223	12035
325.2	223	12205
325.3	223	12604
325.4	223	13717
325.5	223	12451
325.6	217	12451
325.7	223	12885
325.8	223	12545
325.9	223	12100
326	223	12029
326.1	217	14221
326.2	223	13775
326.3	223	13822
326.4	439	13816
326.5	223	13811
326.6	393	13822
326.7	445	13641
326.8	193	14221
326.9	393	13816
327	393	13781
327.1	393	13770
327.2	393	13125
327.3	328	13875
327.4	193	13705
327.5	393	14045
327.6	393	13840
327.7	398	12100
327.8	393	13201
327.9	393	14197
328	334	14197
328.1	393	13758
328.2	393	13758
328.3	393	14039
328.4	393	13623
328.5	393	12984
328.6	334	13377
328.7	393	13758
328.8	393	13764
328.9	164	13752
329	393	13752
329.1	393	14197
329.2	193	13846
329.3	393	14016
329.4	393	13840
329.5	164	13811
329.6	393	13787
329.7	328	13846
329.8	193	13770
329.9	393	13570
330	393	14191
330.1	334	14115
330.2	393	13699
330.3	393	13910
330.4	334	13887
330.5	393	13576
330.6	393	13834
330.7	398	14021
330.8	393	13705
330.9	393	14156
331	334	13811
331.1	393	14332
331.2	393	13822
331.3	164	14086
331.4	393	13816
331.5	393	13535
331.6	193	14168
331.7	393	13576
331.8	393	13330
331.9	398	13723
332	393	14268
332.1	328	14162
332.2	393	14221
332.3	393	12809
332.4	393	13641
332.5	193	12393
332.6	393	15275
332.7	393	14227
332.8	393	15627
332.9	393	18158
333	393	15316
333.1	393	12299
333.2	393	13184
333.3	393	13611
333.4	393	13734
333.5	393	14602
333.6	393	12264
333.7	393	13963
333.8	393	13236
333.9	393	13207
334	393	13834
334.1	393	13535
334.2	393	12217
334.3	393	13734
334.4	393	15316
334.5	393	16031
334.6	393	19172
334.7	0	0
334.8	0	0
