0.1	217	12264
0.2	23	12480
0.3	158	12076
0.4	158	12293
0.5	158	12527
0.6	217	12064
0.7	158	12357
0.8	229	12416
0.9	234	12146
1	234	12352
1.1	129	12404
1.2	129	12217
1.3	234	13096
1.4	229	12305
1.5	35	12926
1.6	129	12580
1.7	797	12469
1.8	234	12639
1.9	170	12088
2	158	12029
2.1	234	12445
2.2	23	12012
2.3	41	11971
2.4	129	12135
2.5	158	12023
2.6	158	12949
2.7	170	12053
2.8	29	12521
2.9	129	12029
3	234	12258
3.1	158	12029
3.2	100	12809
3.3	41	11994
3.4	234	12141
3.5	23	12094
3.6	234	13049
3.7	234	12434
3.8	217	12551
3.9	234	12070
4	229	12023
4.1	35	12064
4.2	240	13072
4.3	240	12053
4.4	293	12158
4.5	170	13752
4.6	41	12035
4.7	240	12117
4.8	211	12029
4.9	53	12275
5	146	12363
5.1	2648	12018
5.2	234	12158
5.3	64	12967
5.4	158	12311
5.5	164	12123
5.6	129	12146
5.7	129	12275
5.8	129	12158
5.9	47	12404
6	240	12006
6.1	23	12328
6.2	129	12123
6.3	246	12264
6.4	264	12082
6.5	129	12246
6.6	246	12199
6.7	35	12475
6.8	129	12035
6.9	252	12146
7	234	12082
7.1	135	12170
7.2	35	12826
7.3	240	12146
7.4	252	12082
7.5	158	12129
7.6	53	11982
7.7	41	12018
7.8	158	12486
7.9	129	13617
8	41	12387
8.1	217	13148
8.2	35	12105
8.3	146	12363
8.4	176	12012
8.5	35	12006
8.6	234	12457
8.7	23	12117
8.8	129	11988
8.9	246	12270
9	129	12375
9.1	234	12592
9.2	240	12082
9.3	35	12668
9.4	146	12076
9.5	164	12721
9.6	234	12229
9.7	182	12105
9.8	270	12305
9.9	47	12334
10	223	11988
10.1	35	11988
10.2	146	12141
10.3	129	12281
10.4	129	12105
10.5	217	12357
10.6	35	12480
10.7	152	12322
10.8	158	12193
10.9	158	12152
11	111	12486
11.1	41	12164
11.2	188	12193
11.3	18	12650
11.4	234	12223
11.5	188	12105
11.6	188	11994
11.7	188	12264
11.8	240	12041
11.9	35	12023
12	240	12088
12.1	240	12105
12.2	568	12586
12.3	170	12199
12.4	35	12070
12.5	234	11988
12.6	18	12264
12.7	129	11982
12.8	129	12135
12.9	158	12938
13	158	12129
13.1	217	12006
13.2	158	12117
13.3	158	12076
13.4	129	12129
13.5	129	12070
13.6	129	12141
13.7	129	12188
13.8	234	12680
13.9	23	12117
14	223	12088
14.1	240	12164
14.2	205	12047
14.3	229	12111
14.4	240	11994
14.5	35	13107
14.6	240	12064
14.7	234	12018
14.8	229	12146
14.9	129	12088
15	41	13588
15.1	240	12023
15.2	334	12146
15.3	217	11994
15.4	146	12223
15.5	158	12047
15.6	240	12176
15.7	223	12041
15.8	35	12627
15.9	146	12053
16	129	12352
16.1	129	12152
16.2	129	13020
16.3	41	12176
16.4	240	12129
16.5	23	12105
16.6	18	12732
16.7	1195	12674
16.8	211	12457
16.9	229	12645
17	246	12059
17.1	35	12129
17.2	240	12381
17.3	240	12357
17.4	275	11977
17.5	240	12164
17.6	47	12445
17.7	188	12264
17.8	23	12188
17.9	158	12832
18	135	12082
18.1	29	12938
18.2	164	12240
18.3	234	12762
18.4	158	12117
18.5	146	12135
18.6	135	13318
18.7	129	12410
18.8	129	12018
18.9	129	12873
19	234	12709
19.1	234	12117
19.2	234	12229
19.3	229	12504
19.4	240	12135
19.5	240	12451
19.6	234	12451
19.7	234	12563
19.8	240	12686
19.9	234	12264
20	246	12404
20.1	229	12129
20.2	41	12568
20.3	182	12135
20.4	287	12035
20.5	217	12141
20.6	164	12275
20.7	158	12035
20.8	234	12293
20.9	94	12404
21	94	12316
21.1	188	12076
21.2	94	12316
21.3	94	12064
21.4	94	12451
21.5	94	12363
21.6	94	12035
21.7	94	12100
21.8	182	12199
21.9	188	11988
22	94	12820
22.1	94	11994
22.2	182	12434
22.3	94	12111
22.4	94	12141
22.5	188	12516
22.6	94	12064
22.7	88	12896
22.8	94	12029
22.9	94	12346
23	94	12650
23.1	94	12135
23.2	281	12346
23.3	94	12141
23.4	94	12170
23.5	88	12398
23.6	94	12680
23.7	94	12416
23.8	94	12340
23.9	94	12012
24	94	12510
24.1	94	12270
24.2	94	12152
24.3	188	12164
24.4	94	13125
24.5	94	12645
24.6	94	12141
24.7	88	12094
24.8	76	12861
24.9	76	12146
25	76	12205
25.1	76	12141
25.2	240	12340
25.3	152	12492
25.4	311	12094
25.5	76	12123
25.6	76	12820
25.7	76	12381
25.8	76	12504
25.9	76	12129
26	76	12158
26.1	64	12299
26.2	123	12334
26.3	123	12229
26.4	188	12146
26.5	64	12135
26.6	64	12152
26.7	64	12240
26.8	64	12516
26.9	64	12334
27	64	12199
27.1	123	12047
27.2	59	12135
27.3	64	12475
27.4	64	12041
27.5	246	12170
27.6	123	12111
27.7	59	12146
27.8	64	12146
27.9	64	13055
28	64	12170
28.1	123	12164
28.2	123	12082
28.3	64	12650
28.4	59	12094
28.5	64	12018
28.6	64	12334
28.7	59	12252
28.8	123	12000
28.9	64	12199
29	64	12193
29.1	64	12498
29.2	59	12029
29.3	123	12064
29.4	64	12234
29.5	64	12100
29.6	64	13260
29.7	64	12264
29.8	64	12305
29.9	59	12170
30	59	12164
30.1	59	12340
30.2	59	12920
30.3	123	12088
30.4	123	12105
30.5	59	12234
30.6	59	12281
30.7	59	12316
30.8	146	12205
30.9	129	12170
31	64	12252
31.1	64	12188
31.2	123	12141
31.3	141	12381
31.4	141	12381
31.5	47	12141
31.6	47	12088
31.7	47	12006
31.8	47	12410
31.9	47	12047
32	47	12188
32.1	47	12680
32.2	188	13189
32.3	47	12100
32.4	47	12141
32.5	47	12539
32.6	47	12035
32.7	47	12914
32.8	135	12316
32.9	47	12264
33	47	12141
33.1	47	12023
33.2	47	12404
33.3	47	13465
33.4	47	12182
33.5	47	12170
33.6	53	12141
33.7	94	12064
33.8	141	12170
33.9	64	12738
34	47	12867
34.1	47	12275
34.2	47	12035
34.3	47	12563
34.4	94	12486
34.5	94	12311
34.6	240	12123
34.7	47	12170
34.8	47	12469
34.9	47	12270
35	47	12416
35.1	47	12240
35.2	47	12076
35.3	94	12135
35.4	94	12340
35.5	94	12381
35.6	47	12246
35.7	47	12129
35.8	47	12170
35.9	47	12369
36	141	12064
36.1	47	12410
36.2	47	12135
36.3	47	12164
36.4	47	12117
36.5	64	12492
36.6	129	12129
36.7	252	12105
36.8	59	12211
36.9	59	12439
37	64	12264
37.1	59	12211
37.2	123	12035
37.3	64	12516
37.4	64	12029
37.5	123	12023
37.6	123	12264
37.7	59	12105
37.8	64	13096
37.9	64	11988
38	59	11977
38.1	123	12041
38.2	59	12217
38.3	64	12410
38.4	64	12088
38.5	64	12650
38.6	64	12135
38.7	123	13189
38.8	129	12164
38.9	64	12258
39	64	12229
39.1	64	12047
39.2	59	12990
39.3	123	12111
39.4	188	12135
39.5	64	12475
39.6	64	12100
39.7	59	11988
39.8	234	12404
39.9	59	12111
40	64	12275
40.1	64	12492
40.2	64	12574
40.3	64	12820
40.4	252	12551
40.5	188	12891
40.6	123	12176
40.7	252	12410
40.8	64	11994
40.9	64	12006
41	64	12105
41.1	234	12246
41.2	123	12082
41.3	59	12539
41.4	59	12492
41.5	59	12041
41.6	59	12281
41.7	188	12035
41.8	275	12410
41.9	94	12334
42	94	12340
42.1	188	12129
42.2	193	12035
42.3	188	12357
42.4	94	12234
42.5	94	12299
42.6	188	12035
42.7	94	12170
42.8	94	11994
42.9	94	12410
43	188	12094
43.1	94	12574
43.2	94	13471
43.3	94	12475
43.4	188	12070
43.5	94	12023
43.6	94	12369
43.7	94	12141
43.8	94	12240
43.9	94	12129
44	94	12023
44.1	94	12410
44.2	88	12029
44.3	94	13031
44.4	94	12340
44.5	281	12246
44.6	94	12434
44.7	94	13014
44.8	94	12926
44.9	94	12018
45	188	12240
45.1	275	13055
45.2	188	13459
45.3	94	12516
45.4	94	12252
45.5	94	12047
45.6	234	12650
45.7	76	12029
45.8	76	13242
45.9	316	12141
46	82	12240
46.1	76	12100
46.2	76	12117
46.3	76	12381
46.4	82	12246
46.5	82	12229
46.6	76	12064
46.7	76	12293
46.8	229	12152
46.9	129	12305
47	64	12041
47.1	64	12586
47.2	64	12006
47.3	64	12363
47.4	129	12475
47.5	123	12047
47.6	123	12029
47.7	64	12381
47.8	64	12346
47.9	64	12914
48	188	12240
48.1	188	12645
48.2	59	11994
48.3	59	12029
48.4	59	12275
48.5	123	12234
48.6	188	12070
48.7	129	12990
48.8	246	12932
48.9	64	11982
49	59	12404
49.1	64	12006
49.2	64	12000
49.3	123	12023
49.4	59	12240
49.5	59	12094
49.6	59	12961
49.7	64	13137
49.8	64	12199
49.9	64	12434
50	59	12035
50.1	188	12457
50.2	64	12041
50.3	64	12451
50.4	64	12410
50.5	64	12445
50.6	123	12129
50.7	64	12311
50.8	64	12100
50.9	64	12082
51	64	12744
51.1	64	12229
51.2	123	12047
51.3	188	12457
51.4	59	12293
51.5	123	12322
51.6	217	12486
51.7	188	12141
51.8	123	12451
51.9	59	12410
52	59	12598
52.1	47	12105
52.2	47	12170
52.3	47	12316
52.4	47	12217
52.5	141	12475
52.6	47	12510
52.7	94	12539
52.8	47	12164
52.9	47	12516
53	47	12416
53.1	47	12293
53.2	47	12691
53.3	47	12047
53.4	47	12270
53.5	47	12779
53.6	47	12018
53.7	47	12152
53.8	47	12650
53.9	47	12686
54	47	11988
54.1	188	13025
54.2	47	12047
54.3	47	12305
54.4	47	12035
54.5	47	12129
54.6	47	12234
54.7	47	12053
54.8	47	12123
54.9	47	13201
55	47	12041
55.1	94	12586
55.2	141	12445
55.3	229	12193
55.4	94	12381
55.5	47	12111
55.6	47	12475
55.7	47	12082
55.8	47	12422
55.9	47	12322
56	141	11994
56.1	47	12557
56.2	47	12082
56.3	47	12141
56.4	47	12064
56.5	47	12229
56.6	47	11982
56.7	47	12211
56.8	47	12064
56.9	47	12193
57	47	12275
57.1	47	12850
57.2	53	12410
57.3	64	12146
57.4	123	12814
57.5	123	12955
57.6	59	12152
57.7	64	12363
57.8	64	12480
57.9	252	12135
58	64	12012
58.1	123	13330
58.2	64	12820
58.3	64	12826
58.4	64	12029
58.5	64	12346
58.6	59	11977
58.7	252	12404
58.8	64	12398
58.9	64	12404
59	123	12105
59.1	59	12234
59.2	188	12662
59.3	59	12287
59.4	64	12035
59.5	64	12012
59.6	59	12070
59.7	59	12715
59.8	59	12650
59.9	123	12000
60	59	12305
60.1	59	12070
60.2	123	12492
60.3	64	13301
60.4	64	12404
60.5	59	12035
60.6	240	12129
60.7	129	12070
60.8	123	12000
60.9	59	12480
61	59	12434
61.1	70	12486
61.2	76	12510
61.3	76	12088
61.4	76	12855
61.5	76	12053
61.6	316	12170
61.7	234	12299
61.8	240	12123
61.9	76	12029
62	76	12428
62.1	158	11971
62.2	76	12469
62.3	76	12357
62.4	88	11994
62.5	369	14543
62.6	182	11988
62.7	369	12000
62.8	94	15480
62.9	188	15469
63	369	12527
63.1	94	12627
63.2	188	12158
63.3	182	12000
63.4	369	12938
63.5	94	14057
63.6	369	14063
63.7	369	14109
63.8	188	15633
63.9	375	12041
64	94	12006
64.1	94	12064
64.2	188	14256
64.3	94	14256
64.4	94	12234
64.5	94	13805
64.6	94	12633
64.7	100	12123
64.8	94	15252
64.9	94	12416
65	94	14127
65.1	375	14068
65.2	94	12820
65.3	94	12264
65.4	281	12217
65.5	94	12533
65.6	94	12035
65.7	94	12287
65.8	188	12152
65.9	94	12586
66	94	12516
66.1	352	12311
66.2	352	12070
66.3	82	12246
66.4	76	15064
66.5	311	13975
66.6	76	13975
66.7	311	14215
66.8	158	12896
66.9	76	12896
67	76	12926
67.1	234	12287
67.2	76	12949
67.3	76	12146
67.4	158	14432
67.5	158	14303
67.6	64	14537
67.7	557	12305
67.8	281	14174
67.9	275	12141
68	275	13406
68.1	64	13225
68.2	64	13225
68.3	498	13225
68.4	246	14063
68.5	246	13957
68.6	246	12211
68.7	64	12105
68.8	64	12229
68.9	64	12000
69	123	12182
69.1	123	14063
69.2	59	14063
69.3	59	14127
69.4	64	14402
69.5	64	14402
69.6	182	12146
69.7	123	14994
69.8	64	14039
69.9	59	11977
70	59	14584
70.1	64	14584
70.2	129	14578
70.3	41	12135
70.4	59	12041
70.5	59	12135
70.6	64	12000
70.7	123	12334
70.8	123	12311
70.9	64	12076
71	64	12100
71.1	64	12064
71.2	64	12445
71.3	59	12152
71.4	59	12164
71.5	369	12375
71.6	369	14209
71.7	375	12352
71.8	188	13230
71.9	59	12246
72	59	12105
72.1	205	12814
72.2	234	12322
72.3	234	12135
72.4	469	12105
72.5	469	12146
72.6	469	12076
72.7	59	12193
72.8	188	12598
72.9	47	14514
73	47	14438
73.1	369	14953
73.2	47	14959
73.3	47	12908
73.4	47	12984
73.5	234	12445
73.6	141	12158
73.7	47	12012
73.8	47	12674
73.9	47	12270
74	47	13682
74.1	275	12041
74.2	281	14174
74.3	281	12574
74.4	275	12803
74.5	275	12111
74.6	275	12633
74.7	47	13600
74.8	47	13611
74.9	47	13119
75	47	13125
75.1	275	13125
75.2	94	14244
75.3	47	14250
75.4	47	14344
75.5	47	12111
75.6	47	12287
75.7	47	12129
75.8	94	12275
75.9	94	14115
76	94	14109
76.1	234	12510
76.2	47	12580
76.3	47	12135
76.4	47	12287
76.5	47	15809
76.6	188	12234
76.7	47	14215
76.8	47	14279
76.9	47	14279
77	47	13090
77.1	246	12152
77.2	246	12574
77.3	246	12697
77.4	47	12393
77.5	234	12041
77.6	94	12176
77.7	234	12117
77.8	234	12299
77.9	469	12176
78	469	12041
78.1	246	12615
78.2	246	14215
78.3	469	14186
78.4	59	11988
78.5	59	15410
78.6	64	14326
78.7	234	12211
78.8	234	11977
78.9	469	12375
79	469	12896
79.1	469	12451
79.2	416	12012
79.3	64	12035
79.4	64	12029
79.5	64	12861
79.6	369	13377
79.7	369	13383
79.8	64	13131
79.9	64	13125
80	64	13125
80.1	64	11982
80.2	369	12000
80.3	59	11994
80.4	64	14438
80.5	64	14438
80.6	59	12439
80.7	64	12111
80.8	123	12000
80.9	64	12211
81	64	12035
81.1	64	13898
81.2	64	14039
81.3	240	12645
81.4	123	11988
81.5	64	15621
81.6	64	12053
81.7	64	12229
81.8	64	12814
81.9	123	14285
82	123	12006
82.1	64	12129
82.2	64	12264
82.3	64	12152
82.4	59	12305
82.5	64	12070
82.6	182	12059
82.7	123	12645
82.8	64	13020
82.9	123	11971
83	123	12475
83.1	59	12234
83.2	375	12240
83.3	744	13904
83.4	94	12346
83.5	369	12311
83.6	369	17027
83.7	369	12697
83.8	188	12785
83.9	94	11977
84	94	12006
84.1	369	12563
84.2	94	12902
84.3	94	12896
84.4	100	14150
84.5	94	14402
84.6	94	11994
84.7	94	12580
84.8	94	12574
84.9	275	12762
85	94	13811
85.1	94	14730
85.2	281	13734
85.3	94	13752
85.4	94	12135
85.5	94	12141
85.6	94	12164
85.7	94	12164
85.8	94	12141
85.9	94	13693
86	94	13688
86.1	94	12334
86.2	94	12662
86.3	188	12281
86.4	182	12105
86.5	188	12170
86.6	94	12170
86.7	94	12311
86.8	352	12035
86.9	346	14250
87	281	12070
87.1	311	12375
87.2	311	13635
87.3	76	12996
87.4	311	12480
87.5	311	12697
87.6	311	12750
87.7	76	12750
87.8	234	12199
87.9	146	12006
88	82	12188
88.1	76	14068
88.2	76	13125
88.3	158	13125
88.4	64	12568
88.5	551	14414
88.6	64	14420
88.7	64	12955
88.8	275	12955
88.9	275	12967
89	252	13107
89.1	246	12504
89.2	246	12146
89.3	64	12000
89.4	64	12059
89.5	188	12984
89.6	252	12486
89.7	188	12492
89.8	59	12492
89.9	59	12000
90	59	12000
90.1	59	12000
90.2	246	14438
90.3	64	14438
90.4	246	13037
90.5	59	12070
90.6	59	13072
90.7	123	11994
90.8	123	12270
90.9	129	14250
91	375	12252
91.1	64	12334
91.2	59	12146
91.3	64	11977
91.4	123	12762
91.5	59	12346
91.6	252	14350
91.7	59	14303
91.8	64	14291
91.9	188	12838
92	252	12275
92.1	188	12557
92.2	64	12404
92.3	369	12105
92.4	64	12070
92.5	369	12035
92.6	375	12480
92.7	369	12334
92.8	59	12100
92.9	59	12164
93	59	12316
93.1	64	11982
93.2	234	12064
93.3	123	12129
93.4	469	12656
93.5	469	12656
93.6	47	13072
93.7	369	14520
93.8	47	14520
93.9	47	12088
94	94	12064
94.1	369	12545
94.2	47	12129
94.3	47	12240
94.4	47	12516
94.5	47	12375
94.6	47	12381
94.7	47	14484
94.8	188	15762
94.9	47	16266
95	47	13916
95.1	47	13910
95.2	47	12111
95.3	275	12820
95.4	275	12861
95.5	275	12592
95.6	275	12592
95.7	47	12182
95.8	47	12000
95.9	47	12188
96	47	13881
96.1	47	14725
96.2	47	12047
96.3	47	13594
96.4	94	12064
96.5	47	12041
96.6	188	12656
96.7	188	12662
96.8	47	12650
96.9	47	15328
97	47	15316
97.1	47	12521
97.2	47	12551
97.3	47	12029
97.4	141	12023
97.5	141	12070
97.6	47	12961
97.7	47	12100
97.8	47	12170
97.9	47	12205
98	94	12064
98.1	492	12199
98.2	47	12135
98.3	229	12059
98.4	47	12270
98.5	469	12199
98.6	47	12170
98.7	47	12041
98.8	246	12000
98.9	246	14250
99	188	12281
99.1	246	11988
99.2	246	13061
99.3	469	12270
99.4	463	14197
99.5	469	12135
99.6	234	12105
99.7	234	12176
99.8	59	12844
99.9	64	14379
100	64	14379
100.1	369	12000
100.2	375	13471
100.3	64	12797
100.4	64	12809
100.5	369	12797
100.6	123	12938
100.7	369	13189
100.8	182	12439
100.9	64	13307
101	64	12938
101.1	59	13090
101.2	123	13693
101.3	123	14396
101.4	64	12006
101.5	64	12123
101.6	64	11977
101.7	123	14865
101.8	64	12000
101.9	59	14244
102	59	14273
102.1	59	12000
102.2	123	12029
102.3	123	12029
102.4	64	11994
102.5	64	11982
102.6	59	11994
102.7	76	12199
102.8	76	13945
102.9	76	13945
103	76	13945
103.1	152	13945
103.2	76	13945
103.3	76	13945
103.4	76	13986
103.5	76	13986
103.6	76	14918
103.7	76	14918
103.8	82	14871
103.9	82	14871
104	369	14918
104.1	369	14918
104.2	744	14877
104.3	94	14871
104.4	188	14871
104.5	369	14871
104.6	369	12668
104.7	94	12053
104.8	88	12375
104.9	94	12375
105	94	14063
105.1	94	14063
105.2	281	14063
105.3	188	12914
105.4	94	12879
105.5	94	13330
105.6	94	13324
105.7	94	13318
105.8	94	14063
105.9	94	12234
106	563	12205
106.1	369	12803
106.2	94	14877
106.3	94	14918
106.4	94	14918
106.5	281	14871
106.6	188	13289
106.7	94	13289
106.8	94	13289
106.9	188	14877
107	94	14871
107.1	94	13248
107.2	94	13289
107.3	94	13289
107.4	94	13248
107.5	94	13254
107.6	352	14877
107.7	352	14871
107.8	352	13254
107.9	76	13289
108	82	13248
108.1	621	13248
108.2	76	14918
108.3	76	14918
108.4	76	14871
108.5	76	13248
108.6	316	13248
108.7	76	13248
108.8	76	13248
108.9	158	13289
109	4688	14918
109.1	76	13289
109.2	281	13289
109.3	275	13289
109.4	275	13289
109.5	275	13289
109.6	59	13289
109.7	275	13289
109.8	275	14918
109.9	188	14918
110	64	14871
110.1	492	13289
110.2	64	14918
110.3	64	14918
110.4	59	12563
110.5	246	14877
110.6	246	14871
110.7	64	14918
110.8	64	13289
110.9	64	14918
111	246	14918
111.1	246	12316
111.2	64	14918
111.3	64	14918
111.4	64	14918
111.5	59	12580
111.6	64	14373
111.7	64	14789
111.8	252	13236
111.9	64	14871
112	64	14918
112.1	463	12457
112.2	123	12451
112.3	123	12744
112.4	64	12463
112.5	64	12111
112.6	64	12105
112.7	64	13986
112.8	123	13945
112.9	64	13945
113	188	13945
113.1	64	13945
113.2	188	13945
113.3	59	13986
113.4	182	13289
113.5	123	13289
113.6	59	13289
113.7	234	14918
113.8	234	14918
113.9	469	14871
114	469	14871
114.1	234	14918
114.2	234	14877
114.3	59	14871
114.4	47	14871
114.5	47	14871
114.6	47	13248
114.7	369	13289
114.8	188	14918
114.9	135	14877
115	234	14877
115.1	94	14098
115.2	47	14057
115.3	8063	12375
115.4	8063	12375
115.5	47	13318
115.6	47	14854
115.7	281	14918
115.8	275	14918
115.9	47	14871
116	47	13289
116.1	47	13289
116.2	275	13289
116.3	47	14871
116.4	47	14918
116.5	551	14871
116.6	47	13289
116.7	47	14813
116.8	47	14813
116.9	47	14227
117	47	14877
117.1	47	14877
117.2	47	14830
117.3	94	13248
117.4	141	13289
117.5	47	13254
117.6	47	13295
117.7	94	13119
117.8	47	14877
117.9	47	12445
118	141	13248
118.1	94	13295
118.2	47	13248
118.3	47	12445
118.4	47	12445
118.5	47	12410
118.6	47	15480
118.7	47	13266
118.8	47	13266
118.9	551	15662
119	240	12410
119.1	234	12445
119.2	234	12217
119.3	234	12275
119.4	469	13119
119.5	469	12088
119.6	252	13254
119.7	246	13289
119.8	123	13289
119.9	64	12193
120	64	13125
120.1	64	12270
120.2	252	12146
120.3	469	13793
120.4	469	12264
120.5	469	12246
120.6	469	12299
120.7	469	12645
120.8	59	13389
120.9	369	13359
121	188	13125
121.1	375	13125
121.2	188	12381
121.3	59	12621
121.4	59	12592
121.5	311	12316
121.6	123	12012
121.7	252	13688
121.8	59	12375
121.9	59	12375
122	59	13881
122.1	252	13881
122.2	64	12680
122.3	129	12053
122.4	64	12170
122.5	64	12410
122.6	64	12557
122.7	188	12006
122.8	123	12164
122.9	234	12275
123	64	12580
123.1	64	12404
123.2	64	12445
123.3	64	12445
123.4	64	13131
123.5	64	13359
123.6	64	13119
123.7	738	13119
123.8	64	12445
123.9	59	12410
124	59	12410
124.1	627	15521
124.2	59	13266
124.3	64	15475
124.4	252	12404
124.5	621	12410
124.6	59	12410
124.7	59	14871
124.8	94	14918
124.9	94	14871
125	188	14871
125.1	369	14918
125.2	369	14918
125.3	94	14877
125.4	94	14871
125.5	94	14871
125.6	469	14063
125.7	94	14250
125.8	94	14256
125.9	4688	13875
126	94	14871
126.1	94	12445
126.2	94	12445
126.3	182	15885
126.4	94	15820
126.5	557	12410
126.6	94	12439
126.7	193	13307
126.8	94	13266
126.9	94	15475
127	94	12135
127.1	188	12445
127.2	94	12410
127.3	94	14912
127.4	94	14918
127.5	281	14871
127.6	182	14871
127.7	94	14912
127.8	557	14918
127.9	94	14918
128	94	13289
128.1	94	13289
128.2	94	13289
128.3	94	13248
128.4	352	13289
128.5	346	13289
128.6	352	14918
128.7	316	14918
128.8	316	14918
128.9	76	14871
129	76	13289
129.1	311	13289
129.2	469	13289
129.3	234	13289
129.4	316	14877
129.5	76	13254
129.6	76	13289
129.7	82	13289
129.8	76	13289
129.9	557	14924
130	64	14918
130.1	64	14871
130.2	64	14871
130.3	275	13289
130.4	275	13289
130.5	59	12475
130.6	492	13289
130.7	246	13289
130.8	246	13289
130.9	246	13248
131	123	13248
131.1	64	13248
131.2	64	13248
131.3	64	13248
131.4	64	13248
131.5	129	13289
131.6	64	13248
131.7	64	13852
131.8	64	13857
131.9	64	12094
132	64	13248
132.1	123	13096
132.2	123	13090
132.3	64	14221
132.4	64	14232
132.5	123	14232
132.6	59	12475
132.7	59	12551
132.8	59	12469
132.9	64	12199
133	123	12480
133.1	123	12205
133.2	123	12457
133.3	59	12070
133.4	59	12135
133.5	59	12129
133.6	369	13266
133.7	129	13289
133.8	64	13289
133.9	59	14918
134	369	14871
134.1	369	13289
134.2	369	13289
134.3	416	13289
134.4	64	13289
134.5	64	14918
134.6	469	14871
134.7	234	14871
134.8	234	13289
134.9	469	14918
135	469	14877
135.1	64	14877
135.2	182	14912
135.3	188	13248
135.4	47	13289
135.5	47	12305
135.6	47	14918
135.7	47	14918
135.8	47	14871
135.9	469	14871
136	369	14918
136.1	469	14877
136.2	469	14877
136.3	463	14918
136.4	47	14871
136.5	47	12410
136.6	47	12410
136.7	275	12445
136.8	275	14877
136.9	275	14877
137	275	13213
137.1	47	14080
137.2	47	12076
137.3	47	12188
137.4	47	15750
137.5	47	13869
137.6	4688	13875
137.7	88	12727
137.8	88	13266
137.9	47	13307
138	47	13266
138.1	47	12041
138.2	47	14918
138.3	47	14918
138.4	234	14918
138.5	551	14871
138.6	94	14871
138.7	47	13289
138.8	47	13289
138.9	47	13289
139	47	13254
139.1	47	13289
139.2	188	13248
139.3	94	13289
139.4	246	13289
139.5	492	13283
139.6	492	13289
139.7	234	13289
139.8	47	13289
139.9	217	13248
140	47	14918
140.1	47	14918
140.2	234	14871
140.3	492	15803
140.4	64	15803
140.5	64	15756
140.6	64	15756
140.7	246	14871
140.8	469	14918
140.9	463	14871
141	463	15803
141.1	234	15756
141.2	234	15803
141.3	416	15756
141.4	64	14877
141.5	123	14918
141.6	64	14918
141.7	64	15756
141.8	64	15803
141.9	64	15756
142	123	12902
142.1	123	12346
142.2	59	12334
142.3	64	12357
142.4	64	12164
142.5	59	12188
142.6	188	15557
142.7	188	15563
142.8	64	12938
142.9	64	15000
143	64	15234
143.1	64	13125
143.2	369	15762
143.3	246	13160
143.4	188	13863
143.5	64	13893
143.6	188	13893
143.7	123	14713
143.8	188	14719
143.9	129	14701
144	123	13523
144.1	59	13523
144.2	76	13570
144.3	76	12650
144.4	158	15006
144.5	158	15006
144.6	234	15000
144.7	76	15240
144.8	76	15234
144.9	152	15240
145	498	15006
145.1	76	12111
145.2	76	11965
145.3	76	12281
145.4	82	12234
145.5	223	12381
145.6	498	15240
145.7	492	15000
145.8	990	12006
145.9	498	13465
146	105	12732
146.1	41	12791
146.2	188	12082
146.3	18	12533
146.4	486	12152
146.5	990	12568
146.6	369	13523
146.7	486	12984
146.8	240	12041
146.9	35	12023
147	240	12674
147.1	246	12803
147.2	990	12340
147.3	164	12223
147.4	35	12416
147.5	234	12299
147.6	18	12844
147.7	129	11982
147.8	129	12135
147.9	158	12205
148	158	12117
148.1	129	12006
148.2	158	12117
148.3	158	12275
148.4	158	12123
148.5	129	12697
148.6	129	12135
148.7	129	12264
148.8	234	12129
148.9	23	12117
149	223	12082
149.1	240	12164
149.2	234	13189
149.3	229	12070
149.4	240	12064
149.5	35	12152
149.6	240	12064
149.7	234	12211
149.8	229	12146
149.9	135	12082
150	41	12861
150.1	240	12387
150.2	293	12146
150.3	35	13564
150.4	146	12182
150.5	158	12170
150.6	240	12117
150.7	223	12434
150.8	35	12627
150.9	146	12094
151	129	12352
151.1	129	11982
151.2	129	12076
151.3	41	12176
151.4	182	12035
151.5	23	12486
151.6	18	12346
151.7	1195	12006
151.8	211	12451
151.9	229	12387
152	258	12773
152.1	35	12029
152.2	246	12855
152.3	240	12363
152.4	275	11965
152.5	240	12082
152.6	41	12223
152.7	234	12258
152.8	23	12053
152.9	158	12938
153	129	12164
153.1	158	12059
153.2	164	12141
153.3	234	12152
153.4	158	12123
153.5	146	12117
153.6	135	12779
153.7	129	12486
153.8	129	12510
153.9	129	12316
154	234	12709
154.1	240	12188
154.2	223	12973
154.3	229	12498
154.4	240	13582
154.5	240	13201
154.6	229	12445
154.7	234	12117
154.8	240	12814
154.9	234	12258
155	240	12404
155.1	135	12691
155.2	41	12961
155.3	182	12135
155.4	305	12363
155.5	217	13020
155.6	146	11994
155.7	158	12035
155.8	234	12234
155.9	164	12381
156	158	12773
156.1	158	13025
156.2	158	12211
156.3	158	12492
156.4	111	12527
156.5	193	12586
156.6	29	12188
156.7	18	12516
156.8	217	12053
156.9	188	12850
157	188	12270
157.1	234	12545
157.2	2244	12035
157.3	35	13980
157.4	234	12885
157.5	240	12797
157.6	205	12223
157.7	146	12023
157.8	270	12451
157.9	188	12762
158	129	12193
158.1	246	12311
158.2	129	12135
158.3	158	12938
158.4	158	12053
158.5	129	12047
158.6	35	12123
158.7	158	12287
158.8	129	12123
158.9	129	11971
159	129	12141
159.1	656	12035
159.2	234	12164
159.3	18	12123
159.4	234	12299
159.5	240	12000
159.6	217	12035
159.7	229	12463
159.8	1898	12006
159.9	35	12246
160	240	12557
160.1	234	12328
160.2	311	13090
160.3	170	12006
160.4	23	12018
160.5	240	12105
160.6	217	12164
160.7	35	13189
160.8	146	12117
160.9	158	12287
161	234	12117
161.1	223	12727
161.2	158	12229
161.3	369	12223
161.4	469	12146
161.5	369	12850
161.6	129	12680
161.7	369	12229
161.8	182	12223
161.9	469	13963
162	369	12287
162.1	557	12193
162.2	375	12217
162.3	375	12146
162.4	463	12105
162.5	369	13963
162.6	375	12223
162.7	375	12146
162.8	375	12176
162.9	129	12146
163	41	12563
163.1	182	12727
163.2	369	12100
163.3	375	12234
163.4	129	12176
163.5	35	12287
163.6	557	12287
163.7	369	12170
163.8	35	12100
163.9	469	12609
164	369	13283
164.1	375	12779
164.2	369	12176
164.3	557	12217
164.4	234	12152
164.5	369	13406
164.6	469	12146
164.7	375	12193
164.8	369	12176
164.9	240	12100
165	557	12100
165.1	375	12293
165.2	369	12223
165.3	557	12563
165.4	557	12176
165.5	375	12176
165.6	41	12850
165.7	182	12146
165.8	305	12176
165.9	35	12609
166	369	12223
166.1	469	12609
166.2	158	12861
166.3	94	12176
166.4	94	12223
166.5	281	12176
166.6	94	12650
166.7	375	12615
166.8	94	12680
166.9	287	12146
167	94	12211
167.1	94	12100
167.2	281	12129
167.3	188	12100
167.4	94	12217
167.5	188	12176
167.6	94	12293
167.7	88	12100
167.8	94	12779
167.9	94	12563
168	94	12146
168.1	188	12850
168.2	94	12287
168.3	94	12193
168.4	94	13031
168.5	94	12779
168.6	88	12146
168.7	182	12182
168.8	94	12563
168.9	281	12223
169	188	13084
169.1	94	12223
169.2	94	12193
169.3	188	12176
169.4	94	12217
169.5	94	12217
169.6	94	12568
169.7	188	12146
169.8	182	12105
169.9	94	12176
170	94	12176
170.1	188	12211
170.2	82	12176
170.3	82	12779
170.4	76	12223
170.5	76	12609
170.6	158	12188
170.7	234	12176
170.8	76	12164
170.9	158	12223
171	234	12270
171.1	234	12264
171.2	76	12287
171.3	76	12176
171.4	76	12176
171.5	64	12176
171.6	129	13664
171.7	123	12680
171.8	316	12146
171.9	59	12146
172	64	13723
172.1	64	12146
172.2	182	12105
172.3	123	12539
172.4	123	13049
172.5	59	12146
172.6	64	12615
172.7	64	12193
172.8	123	12188
172.9	64	12146
173	375	12609
173.1	64	12979
173.2	64	12164
173.3	64	13049
173.4	59	12563
173.5	234	12656
173.6	188	12188
173.7	59	12146
173.8	64	12188
173.9	123	12100
174	64	12234
174.1	246	12146
174.2	64	12217
174.3	64	12193
174.4	64	12117
174.5	64	12217
174.6	64	12146
174.7	59	12926
174.8	234	12563
174.9	59	12563
175	64	12686
175.1	311	12475
175.2	59	12563
175.3	59	12568
175.4	123	12117
175.5	59	13547
175.6	188	13084
175.7	311	12428
175.8	246	12146
175.9	252	12188
176	311	12100
176.1	59	12123
176.2	59	12141
176.3	59	12563
176.4	64	12105
176.5	59	12305
176.6	316	12979
176.7	135	12164
176.8	141	12117
176.9	94	13424
177	316	12785
177.1	47	13049
177.2	47	13723
177.3	47	12539
177.4	311	12609
177.5	141	12932
177.6	141	12680
177.7	47	12604
177.8	47	12211
177.9	47	12047
178	47	11977
178.1	47	12188
178.2	47	12117
178.3	47	12158
178.4	47	12100
178.5	47	12234
178.6	47	11988
178.7	47	13031
178.8	47	12164
178.9	47	12129
179	135	12732
179.1	94	12680
179.2	47	12047
179.3	47	12240
179.4	47	12164
179.5	47	12158
179.6	47	12188
179.7	311	12234
179.8	94	12164
179.9	47	13049
180	47	14039
180.1	47	12475
180.2	47	12979
180.3	47	13717
180.4	47	12979
180.5	47	12609
180.6	94	12234
180.7	47	12164
180.8	47	13406
180.9	47	12234
181	47	12234
181.1	47	12609
181.2	141	13049
181.3	188	13664
181.4	311	12932
181.5	94	12182
181.6	47	12135
181.7	47	12217
181.8	47	12434
181.9	129	12428
182	182	12234
182.1	311	12609
182.2	123	12146
182.3	123	12100
182.4	59	12234
182.5	59	12686
182.6	64	12229
182.7	123	12229
182.8	64	12539
182.9	59	12146
183	59	12211
183.1	64	12686
183.2	123	12240
183.3	64	12146
183.4	59	12146
183.5	59	12164
183.6	59	12100
183.7	64	12146
183.8	64	12100
183.9	64	12199
184	64	12234
184.1	123	12563
184.2	64	12100
184.3	64	12146
184.4	64	12557
184.5	64	12152
184.6	123	12639
184.7	123	12615
184.8	64	12609
184.9	64	12609
185	64	12609
185.1	64	12158
185.2	234	12129
185.3	123	12100
185.4	64	12146
185.5	64	12094
185.6	64	12609
185.7	59	12105
185.8	123	12563
185.9	59	12188
186	64	12240
186.1	64	12146
186.2	59	12281
186.3	123	12146
186.4	252	12152
186.5	64	12123
186.6	311	12686
186.7	64	13670
186.8	64	12486
186.9	59	12234
187	182	12621
187.1	188	13424
187.2	375	12217
187.3	744	12557
187.4	94	12223
187.5	369	12686
187.6	744	12504
187.7	182	12480
187.8	188	12480
187.9	188	14250
188	94	15000
188.1	94	12000
188.2	4688	12563
188.3	94	12609
188.4	275	12680
188.5	94	12609
188.6	94	12604
188.7	369	12146
188.8	94	12557
188.9	94	14039
189	94	12680
189.1	188	12563
189.2	94	12680
189.3	94	12129
189.4	100	12779
189.5	188	12176
189.6	94	13945
189.7	94	12557
189.8	182	14830
189.9	94	15574
190	94	12609
190.1	94	12680
190.2	188	12176
190.3	94	12146
190.4	188	12176
190.5	275	12680
190.6	188	12609
190.7	352	13295
190.8	352	12609
190.9	352	12146
191	76	12732
191.1	621	12563
191.2	76	12563
191.3	234	12334
191.4	76	12316
191.5	82	12322
191.6	76	12855
191.7	76	12287
191.8	152	12680
191.9	82	12182
192	76	12199
192.1	76	14197
192.2	152	12188
192.3	311	13617
192.4	64	13623
192.5	64	12146
192.6	64	12211
192.7	64	14865
192.8	275	12287
192.9	246	12305
193	246	12264
193.1	492	13195
193.2	246	12105
193.3	246	12146
193.4	64	12164
193.5	64	12686
193.6	64	12041
193.7	64	12188
193.8	64	12000
193.9	64	15832
194	188	13980
194.1	123	14244
194.2	59	12141
194.3	59	12164
194.4	59	12217
194.5	59	12217
194.6	311	12188
194.7	123	14180
194.8	59	14180
194.9	59	12105
195	129	12217
195.1	252	12146
195.2	188	12164
195.3	123	12141
195.4	59	12100
195.5	59	13154
195.6	59	12100
195.7	64	13049
195.8	64	12164
195.9	64	12146
196	188	12188
196.1	188	12961
196.2	375	12100
196.3	188	12615
196.4	188	12146
196.5	416	12398
196.6	123	12609
196.7	369	12609
196.8	469	12193
196.9	64	12193
197	64	12615
197.1	469	12059
197.2	234	12609
197.3	64	12229
197.4	53	13588
197.5	47	13564
197.6	47	14479
197.7	47	14637
197.8	94	12563
197.9	94	12352
198	47	12352
198.1	47	12516
198.2	47	13424
198.3	47	12609
198.4	47	12146
198.5	47	12674
198.6	94	14250
198.7	275	14461
198.8	47	12680
198.9	47	12609
199	47	12223
199.1	47	12680
199.2	47	12563
199.3	275	13043
199.4	275	13324
199.5	275	12006
199.6	94	12000
199.7	94	12006
199.8	275	12744
199.9	141	12750
200	47	12223
200.1	47	12609
200.2	47	12609
200.3	47	12680
200.4	94	12609
200.5	94	14303
200.6	47	14303
200.7	94	12563
200.8	47	12557
200.9	47	13283
201	47	13301
201.1	47	12609
201.2	94	12609
201.3	47	14402
201.4	141	12604
201.5	47	12557
201.6	47	12674
201.7	246	12609
201.8	246	12563
201.9	47	12609
202	240	12176
202.1	469	12146
202.2	234	12609
202.3	234	12275
202.4	469	12170
202.5	469	11977
202.6	246	12176
202.7	498	12217
202.8	252	14408
202.9	64	12217
203	64	12141
203.1	234	12211
203.2	234	12146
203.3	182	12211
203.4	469	12211
203.5	469	13031
203.6	416	14016
203.7	64	13963
203.8	64	12217
203.9	64	12217
204	182	13084
204.1	64	14092
204.2	64	12217
204.3	64	12211
204.4	64	13676
204.5	252	13676
204.6	182	12211
204.7	64	12211
204.8	59	12188
204.9	59	12100
205	182	12146
205.1	123	12217
205.2	59	12100
205.3	129	12217
205.4	59	12146
205.5	59	12217
205.6	123	14174
205.7	188	12146
205.8	64	12211
205.9	64	14092
206	64	12152
206.1	64	12146
206.2	738	12217
206.3	738	12217
206.4	123	12100
206.5	158	12293
206.6	76	13969
206.7	932	13945
206.8	76	13945
206.9	76	13945
207	76	13945
207.1	76	13945
207.2	82	13986
207.3	76	13986
207.4	234	13986
207.5	158	14918
207.6	82	14918
207.7	76	14871
207.8	738	14918
207.9	369	14918
208	369	14877
208.1	369	14871
208.2	369	14871
208.3	369	12580
208.4	94	12275
208.5	369	12217
208.6	369	12223
208.7	281	14877
208.8	188	13266
208.9	94	14121
209	94	14127
209.1	621	12135
209.2	621	12211
209.3	94	13512
209.4	94	13535
209.5	275	13020
209.6	369	14859
209.7	88	14068
209.8	88	13500
209.9	188	13500
210	275	14924
210.1	188	14918
210.2	94	14918
210.3	94	14918
210.4	188	13289
210.5	94	13289
210.6	94	13248
210.7	188	13248
210.8	188	14877
210.9	94	13248
211	94	13248
211.1	94	13289
211.2	188	13289
211.3	94	13289
211.4	346	13254
211.5	346	14877
211.6	346	14877
211.7	311	13248
211.8	311	13248
211.9	76	13248
212	305	14918
212.1	316	14918
212.2	316	14871
212.3	240	13254
212.4	240	13289
212.5	76	13248
212.6	76	12000
212.7	76	12000
212.8	82	14871
212.9	76	14250
213	123	13289
213.1	557	13289
213.2	281	13289
213.3	275	13289
213.4	275	13289
213.5	59	13289
213.6	252	14877
213.7	498	14918
213.8	246	14871
213.9	252	14871
214	252	14918
214.1	246	14918
214.2	311	14918
214.3	492	14936
214.4	316	14918
214.5	246	12563
214.6	64	12557
214.7	59	15188
214.8	64	13875
214.9	182	14484
215	188	12264
215.1	64	14918
215.2	64	12158
215.3	64	12158
215.4	311	12105
215.5	123	12609
215.6	123	12211
215.7	64	12123
215.8	64	14918
215.9	64	12164
216	64	12492
216.1	123	12557
216.2	64	12141
216.3	64	12604
216.4	64	12563
216.5	64	14010
216.6	463	13945
216.7	123	13945
216.8	246	13945
216.9	369	13945
217	369	13945
217.1	369	13986
217.2	188	13289
217.3	369	13289
217.4	369	13289
217.5	59	14918
217.6	59	14918
217.7	369	14871
217.8	129	14871
217.9	469	14918
218	469	14918
218.1	469	14871
218.2	469	14871
218.3	369	14877
218.4	234	13289
218.5	47	13248
218.6	47	14912
218.7	369	14877
218.8	47	14877
218.9	369	13266
219	369	12375
219.1	47	12563
219.2	621	12404
219.3	316	14250
219.4	47	14250
219.5	47	14918
219.6	557	14918
219.7	281	14871
219.8	275	13289
219.9	275	13289
220	551	13289
220.1	47	14918
220.2	47	14871
220.3	47	14871
220.4	275	14871
220.5	182	13289
220.6	47	13248
220.7	47	14871
220.8	94	14871
220.9	47	14871
221	47	14871
221.1	47	14877
221.2	94	13289
221.3	47	14355
221.4	47	14350
221.5	47	13119
221.6	47	14877
221.7	47	14877
221.8	47	12510
221.9	47	12334
222	94	13248
222.1	94	12404
222.2	47	12445
222.3	47	12445
222.4	47	13301
222.5	47	13307
222.6	47	15475
222.7	47	12404
222.8	240	12410
222.9	463	12439
223	463	12439
223.1	469	12205
223.2	234	13359
223.3	234	12094
223.4	246	13289
223.5	246	13248
223.6	246	12240
223.7	246	12568
223.8	246	12105
223.9	463	12164
224	59	12193
224.1	182	12146
224.2	234	12211
224.3	234	12211
224.4	311	12164
224.5	123	12686
224.6	469	12234
224.7	188	13119
224.8	188	13359
224.9	188	13119
225	311	12563
225.1	369	11977
225.2	369	12240
225.3	64	12146
225.4	188	12340
225.5	369	12100
225.6	123	12938
225.7	64	12604
225.8	64	14309
225.9	64	14988
226	64	12240
226.1	59	12609
226.2	123	12164
226.3	59	12100
226.4	311	12557
226.5	123	14256
226.6	64	13031
226.7	240	13154
226.8	59	12217
226.9	59	13031
227	64	12445
227.1	64	12445
227.2	64	12100
227.3	59	13359
227.4	59	13119
227.5	738	12240
227.6	59	12410
227.7	64	12404
227.8	59	12410
227.9	375	13307
228	182	13266
228.1	621	13307
228.2	64	12609
228.3	621	12510
228.4	59	12129
228.5	123	14900
228.6	369	14918
228.7	369	14918
228.8	744	14871
228.9	744	14918
229	744	14918
229.1	369	14877
229.2	188	14877
229.3	182	14918
229.4	369	12006
229.5	275	12000
229.6	94	14438
229.7	94	14438
229.8	369	14438
229.9	469	14461
230	94	12803
230.1	94	12809
230.2	188	12803
230.3	188	12750
230.4	94	12779
230.5	94	12000
230.6	188	13266
230.7	94	12217
230.8	94	13295
230.9	94	12293
231	182	12680
231.1	275	14912
231.2	94	14918
231.3	100	14918
231.4	94	14871
231.5	94	14889
231.6	94	12609
231.7	188	14918
231.8	557	13289
231.9	182	13289
232	94	13289
232.1	357	13289
232.2	352	13248
232.3	352	13254
232.4	346	13289
232.5	469	14918
232.6	621	14918
232.7	158	14871
232.8	469	13289
232.9	76	13289
233	463	13289
233.1	82	13248
233.2	234	12164
233.3	234	14918
233.4	82	13289
233.5	82	13289
233.6	4688	13289
233.7	4688	13289
233.8	275	14918
233.9	64	14871
234	64	14871
234.1	64	13289
234.2	275	13289
234.3	275	13289
234.4	64	13289
234.5	64	13289
234.6	64	13289
234.7	246	13289
234.8	123	13289
234.9	123	13289
235	4283	12082
235.1	64	12041
235.2	64	13254
235.3	59	13289
235.4	246	13283
235.5	369	13289
235.6	64	14713
235.7	64	13289
235.8	59	13289
235.9	64	13289
236	59	13248
236.1	59	12164
236.2	123	14244
236.3	369	13488
236.4	129	13477
236.5	123	13477
236.6	64	12229
236.7	369	12164
236.8	64	12217
236.9	59	12563
237	59	12615
237.1	234	12680
237.2	311	12568
237.3	64	13154
237.4	64	12117
237.5	188	13289
237.6	369	13289
237.7	369	14918
237.8	369	14871
237.9	369	13289
238	369	13289
238.1	123	13289
238.2	59	13289
238.3	234	14871
238.4	182	14877
238.5	64	14871
238.6	311	13289
238.7	234	14918
238.8	64	14877
238.9	64	14877
239	47	14912
239.1	369	14918
239.2	47	13248
239.3	469	13295
239.4	94	14918
239.5	47	14918
239.6	47	14871
239.7	469	12615
239.8	47	12574
239.9	47	12938
240	469	12938
240.1	463	14871
240.2	94	14877
240.3	557	14930
240.4	551	12410
240.5	47	12680
240.6	47	12785
240.7	281	13125
240.8	275	12674
240.9	275	12609
241	94	14092
241.1	275	12000
241.2	275	14063
241.3	47	13688
241.4	47	14063
241.5	47	13869
241.6	47	13307
241.7	47	11971
241.8	47	12088
241.9	738	13219
242	135	14871
242.1	94	14918
242.2	94	14871
242.3	47	14871
242.4	47	12609
242.5	47	13248
242.6	47	13289
242.7	557	13289
242.8	47	13289
242.9	94	13289
243	94	13242
243.1	47	13289
243.2	246	13289
243.3	47	13283
243.4	47	13289
243.5	492	13289
243.6	246	13289
243.7	234	13289
243.8	234	14918
243.9	47	14918
244	469	14871
244.1	469	13289
244.2	469	15803
244.3	123	15803
244.4	64	15756
244.5	64	14877
244.6	64	14918
244.7	64	14871
244.8	492	14133
244.9	469	15803
245	469	15756
245.1	469	12211
245.2	416	12164
245.3	416	12100
245.4	211	13084
245.5	369	12211
245.6	369	15756
245.7	64	12211
245.8	64	13963
245.9	123	12211
246	234	12100
246.1	252	12674
246.2	59	12967
246.3	59	13875
246.4	64	12375
246.5	252	12375
246.6	4688	14438
246.7	123	14443
246.8	123	12211
246.9	59	12146
247	59	12146
247.1	59	12100
247.2	188	12100
247.3	123	12217
247.4	64	12217
247.5	234	12217
247.6	59	12146
247.7	123	12146
247.8	123	12211
247.9	123	12100
248	123	12609
248.1	76	14906
248.2	82	15006
248.3	990	15234
248.4	76	12217
248.5	234	14092
248.6	76	15000
248.7	152	15240
248.8	76	15000
248.9	234	12100
249	76	12100
249.1	82	12275
249.2	76	12211
249.3	76	12146
249.4	158	12217
249.5	492	15006
249.6	990	12059
249.7	369	12094
249.8	492	12486
249.9	41	12129
250	188	12920
250.1	23	11988
250.2	18	12516
250.3	492	12416
250.4	492	12275
250.5	492	12686
250.6	234	12053
250.7	498	12129
250.8	240	13096
250.9	240	12018
251	246	12797
251.1	234	12199
251.2	41	12873
251.3	234	12299
251.4	23	12023
251.5	129	12744
251.6	129	12480
251.7	158	12961
251.8	164	12135
251.9	217	12346
252	129	12012
252.1	164	12873
252.2	158	11994
252.3	129	12123
252.4	129	12586
252.5	129	12105
252.6	234	12146
252.7	23	12100
252.8	18	12111
252.9	252	12076
253	229	12047
253.1	229	12094
253.2	234	12322
253.3	1898	12070
253.4	246	12563
253.5	240	12047
253.6	234	12164
253.7	211	12070
253.8	146	12393
253.9	240	13090
254	240	12199
254.1	223	12064
254.2	35	12270
254.3	2736	12193
254.4	158	12217
254.5	234	12117
254.6	164	12146
254.7	158	12100
254.8	158	12316
254.9	129	12152
255	129	12598
255.1	129	12879
255.2	246	12129
255.3	29	12035
255.4	18	12311
255.5	129	12328
255.6	234	12715
255.7	223	12645
255.8	234	13377
255.9	316	12041
256	35	13225
256.1	240	12656
256.2	246	11977
256.3	275	12299
256.4	164	12703
256.5	287	12270
256.6	234	12029
256.7	158	12322
256.8	129	12768
256.9	129	12164
257	158	12316
257.1	158	12439
257.2	217	12117
257.3	135	12867
257.4	158	12891
257.5	129	12492
257.6	129	12404
257.7	129	12006
257.8	246	12082
257.9	234	12006
258	240	12234
258.1	41	12381
258.2	234	11977
258.3	246	12434
258.4	234	13020
258.5	229	12457
258.6	35	12047
258.7	240	12018
258.8	234	12404
258.9	270	12270
259	146	12047
259.1	252	12141
259.2	182	12053
259.3	217	13160
259.4	35	12018
259.5	463	12609
259.6	234	12229
259.7	223	12158
259.8	35	12305
259.9	146	12170
260	199	11982
260.1	158	12299
260.2	158	12492
260.3	47	12135
260.4	188	12164
260.5	23	12516
260.6	18	12158
260.7	188	12434
260.8	188	12293
260.9	229	12258
261	240	12029
261.1	35	12094
261.2	240	12727
261.3	240	12299
261.4	234	12158
261.5	129	12229
261.6	35	11994
261.7	234	11988
261.8	23	12533
261.9	129	12047
262	129	12938
262.1	35	12498
262.2	18	12135
262.3	129	12240
262.4	158	12135
262.5	158	12990
262.6	158	11988
262.7	129	12023
262.8	129	12592
262.9	129	12205
263	234	12164
263.1	23	12311
263.2	234	12111
263.3	246	12164
263.4	229	12082
263.5	229	12064
263.6	240	12070
263.7	35	11988
263.8	240	12059
263.9	234	12229
264	234	12146
264.1	252	12803
264.2	53	12346
264.3	240	12393
264.4	234	12176
264.5	217	12135
264.6	35	12146
264.7	158	12199
264.8	158	12217
264.9	270	12117
265	217	12463
265.1	164	12451
265.2	158	12322
265.3	129	12152
265.4	129	12598
265.5	129	12182
265.6	188	12111
265.7	23	12305
265.8	18	12498
265.9	275	12861
266	1189	12352
266.1	229	12645
266.2	234	11959
266.3	2678	12047
266.4	35	12029
266.5	234	12352
266.6	270	12393
266.7	275	12926
266.8	41	12100
266.9	193	12979
267	240	12381
267.1	164	12023
267.2	152	12111
267.3	35	12111
267.4	158	12064
267.5	158	12105
267.6	217	12129
267.7	135	12996
267.8	158	12428
267.9	129	12410
268	129	12873
268.1	129	12352
268.2	240	12176
268.3	234	12264
268.4	240	12275
268.5	188	12469
268.6	234	12129
268.7	240	12451
268.8	234	13020
268.9	234	11994
269	252	12990
269.1	240	12129
269.2	240	12404
269.3	527	12756
269.4	164	12574
269.5	188	12129
269.6	182	12047
269.7	217	12346
269.8	135	12082
269.9	463	12469
270	234	12053
270.1	217	12357
270.2	35	12369
270.3	146	12346
270.4	158	12205
270.5	129	12545
270.6	123	12457
270.7	41	12850
270.8	182	12182
270.9	23	12516
271	193	12223
271.1	193	12557
271.2	129	12855
271.3	229	12264
271.4	240	12035
271.5	35	12645
271.6	240	12674
271.7	240	12803
271.8	527	12270
271.9	170	12246
272	35	12375
272.1	182	11988
272.2	23	12264
272.3	129	12568
272.4	129	12135
272.5	158	11988
272.6	158	12445
272.7	258	12105
272.8	29	12064
272.9	164	12287
273	129	12018
273.1	129	12193
273.2	129	12141
273.3	129	13195
273.4	234	12375
273.5	23	12105
273.6	18	12105
273.7	246	12557
273.8	246	12627
273.9	229	12018
274	240	11982
274.1	35	12100
274.2	240	12557
274.3	234	13113
274.4	234	12146
274.5	229	12117
274.6	41	12029
274.7	240	11988
274.8	234	12211
274.9	217	12047
275	35	12205
275.1	158	12258
275.2	240	12176
275.3	305	12041
275.4	158	12006
275.5	146	12100
275.6	158	12469
275.7	129	11988
275.8	129	13254
275.9	41	13131
276	182	12035
276.1	23	12820
276.2	18	12035
276.3	1195	11941
276.4	211	12451
276.5	229	12305
276.6	234	12018
276.7	316	12029
276.8	252	12381
276.9	240	12363
277	275	12182
277.1	516	12697
277.2	47	12451
277.3	188	12258
277.4	23	12053
277.5	164	12357
277.6	135	12082
277.7	35	13072
277.8	158	12240
277.9	275	12709
278	105	12129
278.1	164	12141
278.2	158	13324
278.3	129	12492
278.4	129	12873
278.5	129	12311
278.6	234	12270
278.7	234	11988
278.8	18	12311
278.9	188	11988
279	240	12111
279.1	240	11977
279.2	234	12234
279.3	234	11994
279.4	240	12797
279.5	240	12264
279.6	240	12410
279.7	252	12199
279.8	47	12205
279.9	182	12135
280	23	12023
280.1	217	12176
280.2	141	12486
280.3	545	12469
280.4	234	12311
280.5	141	11830
